event_id,key,kind,tau,f,absJ,src
RT1@8.27,RT1,onset,0.0,0.23275916526582596,14.157845629459997,t4a_frozen
RT1@8.27,RT1,onset,0.01,0.5619917290835253,14.157845629459997,t4a_frozen
RT1@8.27,RT1,onset,0.02,0.5795775125350867,14.157845629459997,t4a_frozen
RT1@8.27,RT1,onset,0.03,0.6401224830691363,14.157845629459997,t4a_frozen
RT1@8.27,RT1,onset,0.05,0.6573737928358324,14.157845629459997,t4a_frozen
RT1@8.27,RT1,onset,0.07,0.6752104979290889,14.157845629459997,t4a_frozen
RT1@8.27,RT1,onset,0.1,0.7334891578506753,14.157845629459997,t4a_frozen
RT1@8.27,RT1,onset,0.15,0.77072052746665,14.157845629459997,t4a_frozen
RT1@8.27,RT1,onset,0.2,0.7867925005241188,14.157845629459997,t4a_frozen
RT1@8.27,RT1,onset,0.3,0.7885501209403357,14.157845629459997,t4a_frozen
RT1@8.27,RT1,onset,0.5,0.8514507394169181,14.157845629459997,t4a_frozen
RT1@8.27,RT1,onset,0.75,0.8783385081621389,14.157845629459997,t4a_frozen
RT1@8.27,RT1,onset,1.0,0.9238380269367215,14.157845629459997,t4a_frozen
RT1@8.27,RT1,onset,1.5,0.9369827661265556,14.157845629459997,t4a_frozen
RT1@8.27,RT1,onset,2.0,0.9544024254988702,14.157845629459997,t4a_frozen
RT1@8.27,RT1,onset,3.0,0.9662974175384209,14.157845629459997,t4a_frozen
RT1@8.27,RT1,onset,5.0,0.9981804307232449,14.157845629459997,t4a_frozen
RT1@8.27,RT1,onset,8.0,1.0675282981618672,14.157845629459997,t4a_frozen
RT1@8.27,RT1,onset,15.0,1.1071287265601317,14.157845629459997,t4a_frozen
RT1@13.60,RT1,restep,0.0,0.24243681828473254,1.2005184866328573,t4a_frozen
RT1@13.60,RT1,restep,0.01,0.7326518723430615,1.2005184866328573,t4a_frozen
RT1@13.60,RT1,restep,0.02,0.8653380595913995,1.2005184866328573,t4a_frozen
RT1@13.60,RT1,restep,0.03,0.8172989012845058,1.2005184866328573,t4a_frozen
RT1@13.60,RT1,restep,0.05,0.8152447128032043,1.2005184866328573,t4a_frozen
RT1@13.60,RT1,restep,0.07,0.4893115846661857,1.2005184866328573,t4a_frozen
RT1@13.60,RT1,restep,0.1,0.2499868365123944,1.2005184866328573,t4a_frozen
RT1@13.60,RT1,restep,0.15,0.5117964711953022,1.2005184866328573,t4a_frozen
RT1@13.60,RT1,restep,0.2,0.5938809089278113,1.2005184866328573,t4a_frozen
RT1@13.60,RT1,restep,0.3,0.6368705024963783,1.2005184866328573,t4a_frozen
RT1@13.60,RT1,restep,0.5,0.578480921730383,1.2005184866328573,t4a_frozen
RT1@13.60,RT1,restep,0.75,0.6613096432227621,1.2005184866328573,t4a_frozen
RT1@13.60,RT1,restep,1.0,0.7209208770630025,1.2005184866328573,t4a_frozen
RT1@13.60,RT1,restep,1.5,0.7649485050890303,1.2005184866328573,t4a_frozen
RT1@13.60,RT1,restep,2.0,0.7862268332025308,1.2005184866328573,t4a_frozen
RT1@13.60,RT1,restep,3.0,0.9083482345662117,1.2005184866328573,t4a_frozen
RT1@13.60,RT1,restep,5.0,1.013212397519375,1.2005184866328573,t4a_frozen
RT1@13.60,RT1,restep,8.0,1.1377967227897,1.2005184866328573,t4a_frozen
RT1@13.60,RT1,restep,15.0,1.4408193079531628,1.2005184866328573,t4a_frozen
RT1@115.37,RT1,unload,0.0,0.03378596392919023,19.09521189542967,t4a_frozen
RT1@115.37,RT1,unload,0.01,0.7563898462362894,19.09521189542967,t4a_frozen
RT1@115.37,RT1,unload,0.02,0.8166300768682094,19.09521189542967,t4a_frozen
RT1@115.37,RT1,unload,0.03,0.8768703075001294,19.09521189542967,t4a_frozen
RT1@115.37,RT1,unload,0.05,1.028463805792177,19.09521189542967,t4a_frozen
RT1@115.37,RT1,unload,0.07,1.0464184866535333,19.09521189542967,t4a_frozen
RT1@115.37,RT1,unload,0.1,1.0467889770618404,19.09521189542967,t4a_frozen
RT1@115.37,RT1,unload,0.15,1.049008623466446,19.09521189542967,t4a_frozen
RT1@115.37,RT1,unload,0.2,1.0404564501991709,19.09521189542967,t4a_frozen
RT1@115.37,RT1,unload,0.3,1.006530121282625,19.09521189542967,t4a_frozen
RT1@115.37,RT1,unload,0.5,0.9951037080213277,19.09521189542967,t4a_frozen
RT1@115.37,RT1,unload,0.75,0.9954575629650139,19.09521189542967,t4a_frozen
RT1@115.37,RT1,unload,1.0,0.9960549539077023,19.09521189542967,t4a_frozen
RT1@115.37,RT1,unload,1.5,0.9939613293197752,19.09521189542967,t4a_frozen
RT1@115.37,RT1,unload,2.0,0.99324626761044,19.09521189542967,t4a_frozen
RT1@115.37,RT1,unload,3.0,0.9923695331994061,19.09521189542967,t4a_frozen
RT1@115.37,RT1,unload,5.0,0.9985380970503632,19.09521189542967,t4a_frozen
RT1@115.37,RT1,unload,8.0,0.9898305098142806,19.09521189542967,t4a_frozen
RT1@115.37,RT1,unload,15.0,0.994361981432794,19.09521189542967,t4a_frozen
RT2@12.32,RT2,onset,0.0,0.09522909576452077,16.435597898016383,t4a_frozen
RT2@12.32,RT2,onset,0.01,0.30547866513454797,16.435597898016383,t4a_frozen
RT2@12.32,RT2,onset,0.02,0.5157282345045754,16.435597898016383,t4a_frozen
RT2@12.32,RT2,onset,0.03,0.6262587277872849,16.435597898016383,t4a_frozen
RT2@12.32,RT2,onset,0.05,0.6790064376081708,16.435597898016383,t4a_frozen
RT2@12.32,RT2,onset,0.07,0.6755636543977085,16.435597898016383,t4a_frozen
RT2@12.32,RT2,onset,0.1,0.6956977604858992,16.435597898016383,t4a_frozen
RT2@12.32,RT2,onset,0.15,0.7640993781710559,16.435597898016383,t4a_frozen
RT2@12.32,RT2,onset,0.2,0.7884818977121072,16.435597898016383,t4a_frozen
RT2@12.32,RT2,onset,0.3,0.7923160716406876,16.435597898016383,t4a_frozen
RT2@12.32,RT2,onset,0.5,0.8454714514311783,16.435597898016383,t4a_frozen
RT2@12.32,RT2,onset,0.75,0.8564249848665584,16.435597898016383,t4a_frozen
RT2@12.32,RT2,onset,1.0,0.8780095304498803,16.435597898016383,t4a_frozen
RT2@12.32,RT2,onset,1.5,0.9027184568764012,16.435597898016383,t4a_frozen
RT2@12.32,RT2,onset,2.0,0.9394300337438606,16.435597898016383,t4a_frozen
RT2@12.32,RT2,onset,3.0,0.9440799651586662,16.435597898016383,t4a_frozen
RT2@12.32,RT2,onset,5.0,0.9994317713543139,16.435597898016383,t4a_frozen
RT2@12.32,RT2,onset,8.0,1.0320255018413127,16.435597898016383,t4a_frozen
RT2@12.32,RT2,onset,15.0,1.0798424239102427,16.435597898016383,t4a_frozen
RT2@147.11,RT2,restep,0.0,0.3399291394554159,1.172595346775644,t4a_frozen
RT2@147.11,RT2,restep,0.01,-2.2835513232017957,1.172595346775644,t4a_frozen
RT2@147.11,RT2,restep,0.02,-3.3812610193460015,1.172595346775644,t4a_frozen
RT2@147.11,RT2,restep,0.03,-2.3777191093348247,1.172595346775644,t4a_frozen
RT2@147.11,RT2,restep,0.05,-0.5512583355300029,1.172595346775644,t4a_frozen
RT2@147.11,RT2,restep,0.07,-0.41282043840230287,1.172595346775644,t4a_frozen
RT2@147.11,RT2,restep,0.1,0.3066345342312447,1.172595346775644,t4a_frozen
RT2@147.11,RT2,restep,0.15,-0.26106886690864584,1.172595346775644,t4a_frozen
RT2@147.11,RT2,restep,0.2,-1.1509550364554384,1.172595346775644,t4a_frozen
RT2@147.11,RT2,restep,0.3,-0.07648440046232188,1.172595346775644,t4a_frozen
RT2@147.11,RT2,restep,0.5,0.6879241339334896,1.172595346775644,t4a_frozen
RT2@147.11,RT2,restep,0.75,0.5900021774679458,1.172595346775644,t4a_frozen
RT2@147.11,RT2,restep,1.0,0.7868853566300797,1.172595346775644,t4a_frozen
RT2@147.11,RT2,restep,1.5,0.7954051082329264,1.172595346775644,t4a_frozen
RT2@147.11,RT2,restep,2.0,0.7678821995299028,1.172595346775644,t4a_frozen
RT2@147.11,RT2,restep,3.0,0.8435928206385271,1.172595346775644,t4a_frozen
RT2@147.11,RT2,restep,5.0,0.9989972160033901,1.172595346775644,t4a_frozen
RT2@147.11,RT2,restep,8.0,1.0972800124493125,1.172595346775644,t4a_frozen
RT2@147.11,RT2,restep,15.0,-17.433229103847612,1.172595346775644,t4a_frozen
RT2@159.49,RT2,unload,0.0,0.01422925680859646,21.213810157768936,t4a_frozen
RT2@159.49,RT2,unload,0.01,0.6211965453418363,21.213810157768936,t4a_frozen
RT2@159.49,RT2,unload,0.02,0.8848747823017202,21.213810157768936,t4a_frozen
RT2@159.49,RT2,unload,0.03,1.0427537827332605,21.213810157768936,t4a_frozen
RT2@159.49,RT2,unload,0.05,1.0427240185003441,21.213810157768936,t4a_frozen
RT2@159.49,RT2,unload,0.07,1.043235967770745,21.213810157768936,t4a_frozen
RT2@159.49,RT2,unload,0.1,1.043235967770745,21.213810157768936,t4a_frozen
RT2@159.49,RT2,unload,0.15,1.043235967770745,21.213810157768936,t4a_frozen
RT2@159.49,RT2,unload,0.2,1.0422727368486522,21.213810157768936,t4a_frozen
RT2@159.49,RT2,unload,0.3,1.0146062091564574,21.213810157768936,t4a_frozen
RT2@159.49,RT2,unload,0.5,1.0023245103891856,21.213810157768936,t4a_frozen
RT2@159.49,RT2,unload,0.75,0.9974649133992809,21.213810157768936,t4a_frozen
RT2@159.49,RT2,unload,1.0,0.9967889027473097,21.213810157768936,t4a_frozen
RT2@159.49,RT2,unload,1.5,1.0063434052199642,21.213810157768936,t4a_frozen
RT2@159.49,RT2,unload,2.0,1.0041032059008206,21.213810157768936,t4a_frozen
RT2@159.49,RT2,unload,3.0,1.024082299629522,21.213810157768936,t4a_frozen
RT2@159.49,RT2,unload,5.0,1.0021811773092562,21.213810157768936,t4a_frozen
RT2@159.49,RT2,unload,8.0,1.0049982893272642,21.213810157768936,t4a_frozen
RT2@159.49,RT2,unload,15.0,1.0169333464883683,21.213810157768936,t4a_frozen
RT3@10.59,RT3,onset,0.0,0.005631697872311087,16.51366996394561,t4a_frozen
RT3@10.59,RT3,onset,0.01,0.7819090321058515,16.51366996394561,t4a_frozen
RT3@10.59,RT3,onset,0.02,0.7090654585962488,16.51366996394561,t4a_frozen
RT3@10.59,RT3,onset,0.03,0.7085423521997235,16.51366996394561,t4a_frozen
RT3@10.59,RT3,onset,0.05,0.7416033056098039,16.51366996394561,t4a_frozen
RT3@10.59,RT3,onset,0.07,0.75502509525367,16.51366996394561,t4a_frozen
RT3@10.59,RT3,onset,0.1,0.7912545236896702,16.51366996394561,t4a_frozen
RT3@10.59,RT3,onset,0.15,0.8237136863270875,16.51366996394561,t4a_frozen
RT3@10.59,RT3,onset,0.2,0.8535438008516021,16.51366996394561,t4a_frozen
RT3@10.59,RT3,onset,0.3,0.8481554939400381,16.51366996394561,t4a_frozen
RT3@10.59,RT3,onset,0.5,0.9006353602266688,16.51366996394561,t4a_frozen
RT3@10.59,RT3,onset,0.75,0.9142287615229167,16.51366996394561,t4a_frozen
RT3@10.59,RT3,onset,1.0,0.9253935001443548,16.51366996394561,t4a_frozen
RT3@10.59,RT3,onset,1.5,0.9372009425085349,16.51366996394561,t4a_frozen
RT3@10.59,RT3,onset,2.0,0.9610379558165896,16.51366996394561,t4a_frozen
RT3@10.59,RT3,onset,3.0,0.9774916211573698,16.51366996394561,t4a_frozen
RT3@10.59,RT3,onset,5.0,0.9980009526983785,16.51366996394561,t4a_frozen
RT3@10.59,RT3,onset,8.0,1.0333127136337672,16.51366996394561,t4a_frozen
RT3@10.59,RT3,onset,15.0,1.090126831022079,16.51366996394561,t4a_frozen
RT3@135.70,RT3,unload,0.0,0.2275298385908256,20.726707956786086,t4a_frozen
RT3@135.70,RT3,unload,0.01,1.0249654390235436,20.726707956786086,t4a_frozen
RT3@135.70,RT3,unload,0.02,1.024699549136246,20.726707956786086,t4a_frozen
RT3@135.70,RT3,unload,0.03,1.0251519873676131,20.726707956786086,t4a_frozen
RT3@135.70,RT3,unload,0.05,1.0251519873676131,20.726707956786086,t4a_frozen
RT3@135.70,RT3,unload,0.07,1.0251519873676131,20.726707956786086,t4a_frozen
RT3@135.70,RT3,unload,0.1,1.0251519873676131,20.726707956786086,t4a_frozen
RT3@135.70,RT3,unload,0.15,1.000736675445487,20.726707956786086,t4a_frozen
RT3@135.70,RT3,unload,0.2,1.0116377425926177,20.726707956786086,t4a_frozen
RT3@135.70,RT3,unload,0.3,1.0098356792168404,20.726707956786086,t4a_frozen
RT3@135.70,RT3,unload,0.5,0.9871286223558621,20.726707956786086,t4a_frozen
RT3@135.70,RT3,unload,0.75,0.9903391297883993,20.726707956786086,t4a_frozen
RT3@135.70,RT3,unload,1.0,0.99196428618097,20.726707956786086,t4a_frozen
RT3@135.70,RT3,unload,1.5,0.9811692640715611,20.726707956786086,t4a_frozen
RT3@135.70,RT3,unload,2.0,0.9959085429577094,20.726707956786086,t4a_frozen
RT3@135.70,RT3,unload,3.0,0.9959506130647773,20.726707956786086,t4a_frozen
RT3@135.70,RT3,unload,5.0,1.0026242445797482,20.726707956786086,t4a_frozen
RT3@135.70,RT3,unload,8.0,1.0084504636825509,20.726707956786086,t4a_frozen
RT3@135.70,RT3,unload,15.0,1.0037590815468305,20.726707956786086,t4a_frozen
LT1@11.69,LT1,onset,0.0,0.0,15.281256823578069,t4a_frozen
LT1@11.69,LT1,onset,0.01,0.8444222181511528,15.281256823578069,t4a_frozen
LT1@11.69,LT1,onset,0.02,0.8091176639639063,15.281256823578069,t4a_frozen
LT1@11.69,LT1,onset,0.03,0.7922873450144262,15.281256823578069,t4a_frozen
LT1@11.69,LT1,onset,0.05,0.78513188588553,15.281256823578069,t4a_frozen
LT1@11.69,LT1,onset,0.07,0.7970813526034121,15.281256823578069,t4a_frozen
LT1@11.69,LT1,onset,0.1,0.8197620496871343,15.281256823578069,t4a_frozen
LT1@11.69,LT1,onset,0.15,0.837932220186504,15.281256823578069,t4a_frozen
LT1@11.69,LT1,onset,0.2,0.8476808216264896,15.281256823578069,t4a_frozen
LT1@11.69,LT1,onset,0.3,0.8682985810480727,15.281256823578069,t4a_frozen
LT1@11.69,LT1,onset,0.5,0.8904278759793864,15.281256823578069,t4a_frozen
LT1@11.69,LT1,onset,0.75,0.907306416517133,15.281256823578069,t4a_frozen
LT1@11.69,LT1,onset,1.0,0.919739931924817,15.281256823578069,t4a_frozen
LT1@11.69,LT1,onset,1.5,0.9357353425177594,15.281256823578069,t4a_frozen
LT1@11.69,LT1,onset,2.0,0.9501855478009267,15.281256823578069,t4a_frozen
LT1@11.69,LT1,onset,3.0,0.9673469588599278,15.281256823578069,t4a_frozen
LT1@11.69,LT1,onset,5.0,1.0000142275421233,15.281256823578069,t4a_frozen
LT1@11.69,LT1,onset,8.0,1.023516399423719,15.281256823578069,t4a_frozen
LT1@11.69,LT1,onset,15.0,1.0768864782864067,15.281256823578069,t4a_frozen
LT1@147.52,LT1,unload,0.0,0.12298768986427296,18.156699061474452,t4a_frozen
LT1@147.52,LT1,unload,0.01,0.3417141326029335,18.156699061474452,t4a_frozen
LT1@147.52,LT1,unload,0.02,0.24945851796274554,18.156699061474452,t4a_frozen
LT1@147.52,LT1,unload,0.03,0.2859762099853344,18.156699061474452,t4a_frozen
LT1@147.52,LT1,unload,0.05,0.28119372925161334,18.156699061474452,t4a_frozen
LT1@147.52,LT1,unload,0.07,0.1395815113536279,18.156699061474452,t4a_frozen
LT1@147.52,LT1,unload,0.1,0.30723974595427805,18.156699061474452,t4a_frozen
LT1@147.52,LT1,unload,0.15,1.0,18.156699061474452,t4a_frozen
LT1@147.52,LT1,unload,0.2,1.0,18.156699061474452,t4a_frozen
LT1@147.52,LT1,unload,0.3,1.0,18.156699061474452,t4a_frozen
LT1@147.52,LT1,unload,0.5,1.0,18.156699061474452,t4a_frozen
LT1@147.52,LT1,unload,0.75,1.0,18.156699061474452,t4a_frozen
LT1@147.52,LT1,unload,1.0,1.0,18.156699061474452,t4a_frozen
LT1@147.52,LT1,unload,1.5,1.0,18.156699061474452,t4a_frozen
LT1@147.52,LT1,unload,2.0,1.0,18.156699061474452,t4a_frozen
LT1@147.52,LT1,unload,3.0,1.0,18.156699061474452,t4a_frozen
LT1@147.52,LT1,unload,5.0,1.0,18.156699061474452,t4a_frozen
LT1@147.52,LT1,unload,8.0,1.0,18.156699061474452,t4a_frozen
LT1@147.52,LT1,unload,15.0,1.0,18.156699061474452,t4a_frozen
LT2@14.92,LT2,onset,0.0,0.38717749820750186,16.121160416661134,t4a_frozen
LT2@14.92,LT2,onset,0.01,0.8991138942093398,16.121160416661134,t4a_frozen
LT2@14.92,LT2,onset,0.02,0.778064715382768,16.121160416661134,t4a_frozen
LT2@14.92,LT2,onset,0.03,0.7880859548087268,16.121160416661134,t4a_frozen
LT2@14.92,LT2,onset,0.05,0.8155199856937627,16.121160416661134,t4a_frozen
LT2@14.92,LT2,onset,0.07,0.8206298205251472,16.121160416661134,t4a_frozen
LT2@14.92,LT2,onset,0.1,0.8356730473253737,16.121160416661134,t4a_frozen
LT2@14.92,LT2,onset,0.15,0.8469613630225191,16.121160416661134,t4a_frozen
LT2@14.92,LT2,onset,0.2,0.8586941757711208,16.121160416661134,t4a_frozen
LT2@14.92,LT2,onset,0.3,0.8713604736349194,16.121160416661134,t4a_frozen
LT2@14.92,LT2,onset,0.5,0.8901984259837191,16.121160416661134,t4a_frozen
LT2@14.92,LT2,onset,0.75,0.9029714276307531,16.121160416661134,t4a_frozen
LT2@14.92,LT2,onset,1.0,0.9151043615122982,16.121160416661134,t4a_frozen
LT2@14.92,LT2,onset,1.5,0.9437010501681774,16.121160416661134,t4a_frozen
LT2@14.92,LT2,onset,2.0,0.9640336361202184,16.121160416661134,t4a_frozen
LT2@14.92,LT2,onset,3.0,0.9790284997413541,16.121160416661134,t4a_frozen
LT2@14.92,LT2,onset,5.0,1.0008504254183905,16.121160416661134,t4a_frozen
LT2@14.92,LT2,onset,8.0,1.0163430856821232,16.121160416661134,t4a_frozen
LT2@14.92,LT2,onset,15.0,1.0539402906116508,16.121160416661134,t4a_frozen
LT2@140.92,LT2,unload,0.0,0.14507698570301625,18.60409022021527,t4a_frozen
LT2@140.92,LT2,unload,0.01,0.9356432394718504,18.60409022021527,t4a_frozen
LT2@140.92,LT2,unload,0.02,1.0,18.60409022021527,t4a_frozen
LT2@140.92,LT2,unload,0.03,1.0,18.60409022021527,t4a_frozen
LT2@140.92,LT2,unload,0.05,1.0,18.60409022021527,t4a_frozen
LT2@140.92,LT2,unload,0.07,1.0,18.60409022021527,t4a_frozen
LT2@140.92,LT2,unload,0.1,1.0,18.60409022021527,t4a_frozen
LT2@140.92,LT2,unload,0.15,1.0,18.60409022021527,t4a_frozen
LT2@140.92,LT2,unload,0.2,1.0,18.60409022021527,t4a_frozen
LT2@140.92,LT2,unload,0.3,1.0,18.60409022021527,t4a_frozen
LT2@140.92,LT2,unload,0.5,1.0,18.60409022021527,t4a_frozen
LT2@140.92,LT2,unload,0.75,1.0,18.60409022021527,t4a_frozen
LT2@140.92,LT2,unload,1.0,1.0,18.60409022021527,t4a_frozen
LT2@140.92,LT2,unload,1.5,1.0,18.60409022021527,t4a_frozen
LT2@140.92,LT2,unload,2.0,1.0,18.60409022021527,t4a_frozen
LT2@140.92,LT2,unload,3.0,1.0,18.60409022021527,t4a_frozen
LT2@140.92,LT2,unload,5.0,1.0,18.60409022021527,t4a_frozen
LT2@140.92,LT2,unload,8.0,1.0,18.60409022021527,t4a_frozen
LT2@140.92,LT2,unload,15.0,1.0,18.60409022021527,t4a_frozen
LT3@10.87,LT3,onset,0.0,0.3320340391013801,17.51436692988587,t4a_frozen
LT3@10.87,LT3,onset,0.01,0.7453300442505985,17.51436692988587,t4a_frozen
LT3@10.87,LT3,onset,0.02,0.8002966067636944,17.51436692988587,t4a_frozen
LT3@10.87,LT3,onset,0.03,0.8010073224581702,17.51436692988587,t4a_frozen
LT3@10.87,LT3,onset,0.05,0.8031395676200163,17.51436692988587,t4a_frozen
LT3@10.87,LT3,onset,0.07,0.8189598500425228,17.51436692988587,t4a_frozen
LT3@10.87,LT3,onset,0.1,0.8225711544656698,17.51436692988587,t4a_frozen
LT3@10.87,LT3,onset,0.15,0.8331053780403879,17.51436692988587,t4a_frozen
LT3@10.87,LT3,onset,0.2,0.8366188309428981,17.51436692988587,t4a_frozen
LT3@10.87,LT3,onset,0.3,0.8484065312481712,17.51436692988587,t4a_frozen
LT3@10.87,LT3,onset,0.5,0.8786540580312148,17.51436692988587,t4a_frozen
LT3@10.87,LT3,onset,0.75,0.9017941688896824,17.51436692988587,t4a_frozen
LT3@10.87,LT3,onset,1.0,0.9121220984213455,17.51436692988587,t4a_frozen
LT3@10.87,LT3,onset,1.5,0.9330554280629414,17.51436692988587,t4a_frozen
LT3@10.87,LT3,onset,2.0,0.9486561121227736,17.51436692988587,t4a_frozen
LT3@10.87,LT3,onset,3.0,0.9790902994462188,17.51436692988587,t4a_frozen
LT3@10.87,LT3,onset,5.0,1.0009296395556746,17.51436692988587,t4a_frozen
LT3@10.87,LT3,onset,8.0,1.021907757664967,17.51436692988587,t4a_frozen
LT3@10.87,LT3,onset,15.0,1.0394852355794042,17.51436692988587,t4a_frozen
LT3@132.59,LT3,unload,0.0,0.09573798744570951,19.346874535860707,t4a_frozen
LT3@132.59,LT3,unload,0.01,0.4621949853359384,19.346874535860707,t4a_frozen
LT3@132.59,LT3,unload,0.02,0.806886612485938,19.346874535860707,t4a_frozen
LT3@132.59,LT3,unload,0.03,0.9560434728679841,19.346874535860707,t4a_frozen
LT3@132.59,LT3,unload,0.05,1.0,19.346874535860707,t4a_frozen
LT3@132.59,LT3,unload,0.07,1.0,19.346874535860707,t4a_frozen
LT3@132.59,LT3,unload,0.1,1.0,19.346874535860707,t4a_frozen
LT3@132.59,LT3,unload,0.15,1.0,19.346874535860707,t4a_frozen
LT3@132.59,LT3,unload,0.2,1.0,19.346874535860707,t4a_frozen
LT3@132.59,LT3,unload,0.3,1.0,19.346874535860707,t4a_frozen
LT3@132.59,LT3,unload,0.5,1.0,19.346874535860707,t4a_frozen
LT3@132.59,LT3,unload,0.75,1.0,19.346874535860707,t4a_frozen
LT3@132.59,LT3,unload,1.0,1.0,19.346874535860707,t4a_frozen
LT3@132.59,LT3,unload,1.5,1.0,19.346874535860707,t4a_frozen
LT3@132.59,LT3,unload,2.0,1.0,19.346874535860707,t4a_frozen
LT3@132.59,LT3,unload,3.0,1.0,19.346874535860707,t4a_frozen
LT3@132.59,LT3,unload,5.0,1.0,19.346874535860707,t4a_frozen
LT3@132.59,LT3,unload,8.0,1.0,19.346874535860707,t4a_frozen
LT3@132.59,LT3,unload,15.0,1.0,19.346874535860707,t4a_frozen
F41@10.94,F41,onset,0.0,0.33038942369333596,13.318880285402841,t4a_frozen
F41@10.94,F41,onset,0.01,0.7408290069020425,13.318880285402841,t4a_frozen
F41@10.94,F41,onset,0.02,0.741767356671954,13.318880285402841,t4a_frozen
F41@10.94,F41,onset,0.03,0.7462396331975386,13.318880285402841,t4a_frozen
F41@10.94,F41,onset,0.05,0.7533536650687153,13.318880285402841,t4a_frozen
F41@10.94,F41,onset,0.07,0.7850026478562894,13.318880285402841,t4a_frozen
F41@10.94,F41,onset,0.1,0.7947855853590322,13.318880285402841,t4a_frozen
F41@10.94,F41,onset,0.15,0.800294291359523,13.318880285402841,t4a_frozen
F41@10.94,F41,onset,0.2,0.7987608494722814,13.318880285402841,t4a_frozen
F41@10.94,F41,onset,0.3,0.8155850993992572,13.318880285402841,t4a_frozen
F41@10.94,F41,onset,0.5,0.8455275130207238,13.318880285402841,t4a_frozen
F41@10.94,F41,onset,0.75,0.8620230804078768,13.318880285402841,t4a_frozen
F41@10.94,F41,onset,1.0,0.872519345482475,13.318880285402841,t4a_frozen
F41@10.94,F41,onset,1.5,0.9223460532242637,13.318880285402841,t4a_frozen
F41@10.94,F41,onset,2.0,0.9390397997229532,13.318880285402841,t4a_frozen
F41@10.94,F41,onset,3.0,0.9764116770991753,13.318880285402841,t4a_frozen
F41@10.94,F41,onset,5.0,0.9999693221968401,13.318880285402841,t4a_frozen
F41@10.94,F41,onset,8.0,1.0288476342112953,13.318880285402841,t4a_frozen
F41@10.94,F41,onset,15.0,1.0667219919614432,13.318880285402841,t4a_frozen
F41@12.19,F41,restep,0.0,0.4079905480008533,2.682709282079802,t4a_frozen
F41@12.19,F41,restep,0.01,0.45245024164204656,2.682709282079802,t4a_frozen
F41@12.19,F41,restep,0.02,0.4559892104005032,2.682709282079802,t4a_frozen
F41@12.19,F41,restep,0.03,0.4634828642083663,2.682709282079802,t4a_frozen
F41@12.19,F41,restep,0.05,0.4690586636749233,2.682709282079802,t4a_frozen
F41@12.19,F41,restep,0.07,0.4703935284346558,2.682709282079802,t4a_frozen
F41@12.19,F41,restep,0.1,0.4749393873529447,2.682709282079802,t4a_frozen
F41@12.19,F41,restep,0.15,0.47732077316568317,2.682709282079802,t4a_frozen
F41@12.19,F41,restep,0.2,0.4937085223771086,2.682709282079802,t4a_frozen
F41@12.19,F41,restep,0.3,0.5527412789368826,2.682709282079802,t4a_frozen
F41@12.19,F41,restep,0.5,0.5962208865976614,2.682709282079802,t4a_frozen
F41@12.19,F41,restep,0.75,0.6326838013932987,2.682709282079802,t4a_frozen
F41@12.19,F41,restep,1.0,0.6487277777379721,2.682709282079802,t4a_frozen
F41@12.19,F41,restep,1.5,0.7674592100824829,2.682709282079802,t4a_frozen
F41@12.19,F41,restep,2.0,0.8458564760993926,2.682709282079802,t4a_frozen
F41@12.19,F41,restep,3.0,0.9020905945640119,2.682709282079802,t4a_frozen
F41@12.19,F41,restep,5.0,0.9998309203433965,2.682709282079802,t4a_frozen
F41@12.19,F41,restep,8.0,1.1422339955285847,2.682709282079802,t4a_frozen
F41@12.19,F41,restep,15.0,1.389381104045702,2.682709282079802,t4a_frozen
F41@130.75,F41,unload,0.0,0.26821921786415426,16.342966927524216,t4a_frozen
F41@130.75,F41,unload,0.01,1.0044240181211197,16.342966927524216,t4a_frozen
F41@130.75,F41,unload,0.02,1.0044240181211197,16.342966927524216,t4a_frozen
F41@130.75,F41,unload,0.03,1.0044240181211197,16.342966927524216,t4a_frozen
F41@130.75,F41,unload,0.05,1.0044240181211197,16.342966927524216,t4a_frozen
F41@130.75,F41,unload,0.07,1.0044240181211197,16.342966927524216,t4a_frozen
F41@130.75,F41,unload,0.1,1.0044240181211197,16.342966927524216,t4a_frozen
F41@130.75,F41,unload,0.15,1.0044240181211197,16.342966927524216,t4a_frozen
F41@130.75,F41,unload,0.2,1.0044240181211197,16.342966927524216,t4a_frozen
F41@130.75,F41,unload,0.3,1.0044240181211197,16.342966927524216,t4a_frozen
F41@130.75,F41,unload,0.5,1.0044240181211197,16.342966927524216,t4a_frozen
F41@130.75,F41,unload,0.75,1.0044240181211197,16.342966927524216,t4a_frozen
F41@130.75,F41,unload,1.0,1.0027296267036119,16.342966927524216,t4a_frozen
F41@130.75,F41,unload,1.5,1.0008584543237422,16.342966927524216,t4a_frozen
F41@130.75,F41,unload,2.0,1.0006915257119682,16.342966927524216,t4a_frozen
F41@130.75,F41,unload,3.0,1.000771444756683,16.342966927524216,t4a_frozen
F41@130.75,F41,unload,5.0,0.9997326116646978,16.342966927524216,t4a_frozen
F41@130.75,F41,unload,8.0,0.9997125113095676,16.342966927524216,t4a_frozen
F41@130.75,F41,unload,15.0,1.0000870555300605,16.342966927524216,t4a_frozen
F42@11.03,F42,onset,0.0,0.0745373192737969,14.684930368388896,t4a_frozen
F42@11.03,F42,onset,0.01,0.32928348449453404,14.684930368388896,t4a_frozen
F42@11.03,F42,onset,0.02,0.5064045852044203,14.684930368388896,t4a_frozen
F42@11.03,F42,onset,0.03,0.6109022315316849,14.684930368388896,t4a_frozen
F42@11.03,F42,onset,0.05,0.6699355423647263,14.684930368388896,t4a_frozen
F42@11.03,F42,onset,0.07,0.6766531977121217,14.684930368388896,t4a_frozen
F42@11.03,F42,onset,0.1,0.6862972274191661,14.684930368388896,t4a_frozen
F42@11.03,F42,onset,0.15,0.7765968125818429,14.684930368388896,t4a_frozen
F42@11.03,F42,onset,0.2,0.7825812830299755,14.684930368388896,t4a_frozen
F42@11.03,F42,onset,0.3,0.80562864576965,14.684930368388896,t4a_frozen
F42@11.03,F42,onset,0.5,0.8346734884981672,14.684930368388896,t4a_frozen
F42@11.03,F42,onset,0.75,0.8620933960142015,14.684930368388896,t4a_frozen
F42@11.03,F42,onset,1.0,0.8784850548667319,14.684930368388896,t4a_frozen
F42@11.03,F42,onset,1.5,0.9051049470085135,14.684930368388896,t4a_frozen
F42@11.03,F42,onset,2.0,0.9219571842296936,14.684930368388896,t4a_frozen
F42@11.03,F42,onset,3.0,0.9401474609453443,14.684930368388896,t4a_frozen
F42@11.03,F42,onset,5.0,1.0006424486009995,14.684930368388896,t4a_frozen
F42@11.03,F42,onset,8.0,1.030623773288519,14.684930368388896,t4a_frozen
F42@11.03,F42,onset,15.0,1.0666973516529052,14.684930368388896,t4a_frozen
F42@130.78,F42,unload,0.0,-0.006954110111538678,16.975533256312076,t4a_frozen
F42@130.78,F42,unload,0.01,0.8496480343936555,16.975533256312076,t4a_frozen
F42@130.78,F42,unload,0.02,0.9375901897508307,16.975533256312076,t4a_frozen
F42@130.78,F42,unload,0.03,1.0053653985496804,16.975533256312076,t4a_frozen
F42@130.78,F42,unload,0.05,1.0053653985496804,16.975533256312076,t4a_frozen
F42@130.78,F42,unload,0.07,1.0053653985496804,16.975533256312076,t4a_frozen
F42@130.78,F42,unload,0.1,1.0053653985496804,16.975533256312076,t4a_frozen
F42@130.78,F42,unload,0.15,1.0053653985496804,16.975533256312076,t4a_frozen
F42@130.78,F42,unload,0.2,1.0053653985496804,16.975533256312076,t4a_frozen
F42@130.78,F42,unload,0.3,1.0053653985496804,16.975533256312076,t4a_frozen
F42@130.78,F42,unload,0.5,1.0053653985496804,16.975533256312076,t4a_frozen
F42@130.78,F42,unload,0.75,1.0040694156979004,16.975533256312076,t4a_frozen
F42@130.78,F42,unload,1.0,1.002807568212182,16.975533256312076,t4a_frozen
F42@130.78,F42,unload,1.5,1.0025967079117868,16.975533256312076,t4a_frozen
F42@130.78,F42,unload,2.0,1.0008294585684505,16.975533256312076,t4a_frozen
F42@130.78,F42,unload,3.0,1.0012258538875025,16.975533256312076,t4a_frozen
F42@130.78,F42,unload,5.0,1.0001814671425606,16.975533256312076,t4a_frozen
F42@130.78,F42,unload,8.0,1.0011878101020986,16.975533256312076,t4a_frozen
F42@130.78,F42,unload,15.0,1.0001225588311162,16.975533256312076,t4a_frozen
F43@11.00,F43,onset,0.0,0.21116670574206273,15.244575613176753,t4a_frozen
F43@11.00,F43,onset,0.01,0.47954823107751776,15.244575613176753,t4a_frozen
F43@11.00,F43,onset,0.02,0.6792655854586974,15.244575613176753,t4a_frozen
F43@11.00,F43,onset,0.03,0.6791260245776349,15.244575613176753,t4a_frozen
F43@11.00,F43,onset,0.05,0.7290385324404006,15.244575613176753,t4a_frozen
F43@11.00,F43,onset,0.07,0.7485392654830776,15.244575613176753,t4a_frozen
F43@11.00,F43,onset,0.1,0.7561211234032145,15.244575613176753,t4a_frozen
F43@11.00,F43,onset,0.15,0.796969199394192,15.244575613176753,t4a_frozen
F43@11.00,F43,onset,0.2,0.8176265310291908,15.244575613176753,t4a_frozen
F43@11.00,F43,onset,0.3,0.870844847684952,15.244575613176753,t4a_frozen
F43@11.00,F43,onset,0.5,0.8811117018907474,15.244575613176753,t4a_frozen
F43@11.00,F43,onset,0.75,0.8929755176213884,15.244575613176753,t4a_frozen
F43@11.00,F43,onset,1.0,0.9113831528666738,15.244575613176753,t4a_frozen
F43@11.00,F43,onset,1.5,0.9265063285268895,15.244575613176753,t4a_frozen
F43@11.00,F43,onset,2.0,0.9384759983862013,15.244575613176753,t4a_frozen
F43@11.00,F43,onset,3.0,0.9602999731006425,15.244575613176753,t4a_frozen
F43@11.00,F43,onset,5.0,1.0001940514775016,15.244575613176753,t4a_frozen
F43@11.00,F43,onset,8.0,1.0326674728252005,15.244575613176753,t4a_frozen
F43@11.00,F43,onset,15.0,1.0555141686468092,15.244575613176753,t4a_frozen
F43@140.40,F43,unload,0.0,0.1949584939317734,16.929720928524556,t4a_frozen
F43@140.40,F43,unload,0.01,0.3924726341905703,16.929720928524556,t4a_frozen
F43@140.40,F43,unload,0.02,0.49898671322483046,16.929720928524556,t4a_frozen
F43@140.40,F43,unload,0.03,0.5040444771469345,16.929720928524556,t4a_frozen
F43@140.40,F43,unload,0.05,0.5141600049911571,16.929720928524556,t4a_frozen
F43@140.40,F43,unload,0.07,0.7165491570030439,16.929720928524556,t4a_frozen
F43@140.40,F43,unload,0.1,1.0146938908898644,16.929720928524556,t4a_frozen
F43@140.40,F43,unload,0.15,1.033115039378299,16.929720928524556,t4a_frozen
F43@140.40,F43,unload,0.2,1.033115039378299,16.929720928524556,t4a_frozen
F43@140.40,F43,unload,0.3,1.033115039378299,16.929720928524556,t4a_frozen
F43@140.40,F43,unload,0.5,1.033115039378299,16.929720928524556,t4a_frozen
F43@140.40,F43,unload,0.75,1.0330045588102867,16.929720928524556,t4a_frozen
F43@140.40,F43,unload,1.0,1.0311658046484813,16.929720928524556,t4a_frozen
F43@140.40,F43,unload,1.5,1.0295709762331762,16.929720928524556,t4a_frozen
F43@140.40,F43,unload,2.0,1.030211629560027,16.929720928524556,t4a_frozen
F43@140.40,F43,unload,3.0,1.0215643123037261,16.929720928524556,t4a_frozen
F43@140.40,F43,unload,5.0,0.9966030618035845,16.929720928524556,t4a_frozen
F43@140.40,F43,unload,8.0,1.017037625934179,16.929720928524556,t4a_frozen
F43@140.40,F43,unload,15.0,1.0274566637038767,16.929720928524556,t4a_frozen
SW1@10.84,SW1,onset,0.0,0.2542929847135726,4165.750707886949,t4a_frozen
SW1@10.84,SW1,onset,0.01,0.9405637829129578,4165.750707886949,t4a_frozen
SW1@10.84,SW1,onset,0.02,0.9292524883392049,4165.750707886949,t4a_frozen
SW1@10.84,SW1,onset,0.03,0.9179411937654499,4165.750707886949,t4a_frozen
SW1@10.84,SW1,onset,0.05,0.8785756427519315,4165.750707886949,t4a_frozen
SW1@10.84,SW1,onset,0.07,0.8804521545426381,4165.750707886949,t4a_frozen
SW1@10.84,SW1,onset,0.1,0.8683605940222253,4165.750707886949,t4a_frozen
SW1@10.84,SW1,onset,0.15,0.8481064393294172,4165.750707886949,t4a_frozen
SW1@10.84,SW1,onset,0.2,0.8239238866114011,4165.750707886949,t4a_frozen
SW1@10.84,SW1,onset,0.3,0.8213904521301756,4165.750707886949,t4a_frozen
SW1@10.84,SW1,onset,0.5,0.8141766801455311,4165.750707886949,t4a_frozen
SW1@10.84,SW1,onset,0.75,0.825148708372625,4165.750707886949,t4a_frozen
SW1@10.84,SW1,onset,1.0,0.8269817954967004,4165.750707886949,t4a_frozen
SW1@10.84,SW1,onset,1.5,0.8255792037668261,4165.750707886949,t4a_frozen
SW1@10.84,SW1,onset,2.0,0.8355012795250636,4165.750707886949,t4a_frozen
SW1@10.84,SW1,onset,3.0,0.8471352466987092,4165.750707886949,t4a_frozen
SW1@10.84,SW1,onset,5.0,0.9961069615840156,4165.750707886949,t4a_frozen
SW1@10.84,SW1,onset,8.0,1.0700357310152873,4165.750707886949,t4a_frozen
SW1@10.84,SW1,onset,15.0,1.1089106535538826,4165.750707886949,t4a_frozen
SW1@28.63,SW1,onset,0.0,1.1068147771175416,6794.656342071032,t4a_frozen
SW1@28.63,SW1,onset,0.01,0.8756754968453468,6794.656342071032,t4a_frozen
SW1@28.63,SW1,onset,0.02,0.8440886076488966,6794.656342071032,t4a_frozen
SW1@28.63,SW1,onset,0.03,0.8125017184524574,6794.656342071032,t4a_frozen
SW1@28.63,SW1,onset,0.05,0.7132371256586945,6794.656342071032,t4a_frozen
SW1@28.63,SW1,onset,0.07,0.7283563883411032,6794.656342071032,t4a_frozen
SW1@28.63,SW1,onset,0.1,0.7871190749775656,6794.656342071032,t4a_frozen
SW1@28.63,SW1,onset,0.15,0.7908549082769347,6794.656342071032,t4a_frozen
SW1@28.63,SW1,onset,0.2,0.8804750325700715,6794.656342071032,t4a_frozen
SW1@28.63,SW1,onset,0.3,0.8614443046136524,6794.656342071032,t4a_frozen
SW1@28.63,SW1,onset,0.5,0.9060443716030461,6794.656342071032,t4a_frozen
SW1@28.63,SW1,onset,0.75,0.9149687939121042,6794.656342071032,t4a_frozen
SW1@28.63,SW1,onset,1.0,0.9274970491391932,6794.656342071032,t4a_frozen
SW1@28.63,SW1,onset,1.5,0.9442088635749651,6794.656342071032,t4a_frozen
SW1@28.63,SW1,onset,2.0,0.9495514965450579,6794.656342071032,t4a_frozen
SW1@28.63,SW1,onset,3.0,0.9710424769142699,6794.656342071032,t4a_frozen
SW1@28.63,SW1,onset,5.0,0.9994164158004093,6794.656342071032,t4a_frozen
SW1@28.63,SW1,onset,8.0,1.0262084527533313,6794.656342071032,t4a_frozen
SW1@28.63,SW1,onset,15.0,1.049947649197434,6794.656342071032,t4a_frozen
SW1@71.67,SW1,restep,0.0,0.16001756165327782,3909.601111893571,t4a_frozen
SW1@71.67,SW1,restep,0.01,-0.3805431583575042,3909.601111893571,t4a_frozen
SW1@71.67,SW1,restep,0.02,-0.46421208569346906,3909.601111893571,t4a_frozen
SW1@71.67,SW1,restep,0.03,-0.5478810130295525,3909.601111893571,t4a_frozen
SW1@71.67,SW1,restep,0.05,-0.7406369057691962,3909.601111893571,t4a_frozen
SW1@71.67,SW1,restep,0.07,-0.7721140905732446,3909.601111893571,t4a_frozen
SW1@71.67,SW1,restep,0.1,-0.9850866457222631,3909.601111893571,t4a_frozen
SW1@71.67,SW1,restep,0.15,-1.3912256561341474,3909.601111893571,t4a_frozen
SW1@71.67,SW1,restep,0.2,-1.732576489750223,3909.601111893571,t4a_frozen
SW1@71.67,SW1,restep,0.3,-1.7895854465308592,3909.601111893571,t4a_frozen
SW1@71.67,SW1,restep,0.5,-1.7729938909940428,3909.601111893571,t4a_frozen
SW1@71.67,SW1,restep,0.75,-1.7540208166122593,3909.601111893571,t4a_frozen
SW1@71.67,SW1,restep,1.0,-1.75354296492422,3909.601111893571,t4a_frozen
SW1@71.67,SW1,restep,1.5,-1.726116464456768,3909.601111893571,t4a_frozen
SW1@71.67,SW1,restep,2.0,-1.7727729922801458,3909.601111893571,t4a_frozen
SW1@71.67,SW1,restep,3.0,-1.7568289070112728,3909.601111893571,t4a_frozen
SW1@71.67,SW1,restep,5.0,1.0114871326052468,3909.601111893571,t4a_frozen
SW1@71.67,SW1,restep,8.0,1.4559273661951289,3909.601111893571,t4a_frozen
SW1@71.67,SW1,restep,15.0,1.6224862616459006,3909.601111893571,t4a_frozen
SW1@75.89,SW1,onset,0.0,0.5404619914897388,12645.444256645384,t4a_frozen
SW1@75.89,SW1,onset,0.01,0.1184020895808663,12645.444256645384,t4a_frozen
SW1@75.89,SW1,onset,0.02,0.13614545526992528,12645.444256645384,t4a_frozen
SW1@75.89,SW1,onset,0.03,0.15388882095900935,12645.444256645384,t4a_frozen
SW1@75.89,SW1,onset,0.05,0.13499136565105327,12645.444256645384,t4a_frozen
SW1@75.89,SW1,onset,0.07,0.14035600672303672,12645.444256645384,t4a_frozen
SW1@75.89,SW1,onset,0.1,-0.011907582696253844,12645.444256645384,t4a_frozen
SW1@75.89,SW1,onset,0.15,0.39647596500778143,12645.444256645384,t4a_frozen
SW1@75.89,SW1,onset,0.2,0.33160071740811864,12645.444256645384,t4a_frozen
SW1@75.89,SW1,onset,0.3,0.560117354445028,12645.444256645384,t4a_frozen
SW1@75.89,SW1,onset,0.5,0.7515006859466867,12645.444256645384,t4a_frozen
SW1@75.89,SW1,onset,0.75,0.8518894447564364,12645.444256645384,t4a_frozen
SW1@75.89,SW1,onset,1.0,0.8413471091573997,12645.444256645384,t4a_frozen
SW1@75.89,SW1,onset,1.5,0.9166698346916567,12645.444256645384,t4a_frozen
SW1@75.89,SW1,onset,2.0,0.9275831642900135,12645.444256645384,t4a_frozen
SW1@75.89,SW1,onset,3.0,0.9672193630253458,12645.444256645384,t4a_frozen
SW1@75.89,SW1,onset,5.0,1.0002119852575904,12645.444256645384,t4a_frozen
SW1@75.89,SW1,onset,8.0,1.0217328392952376,12645.444256645384,t4a_frozen
SW1@75.89,SW1,onset,15.0,1.0552709293251439,12645.444256645384,t4a_frozen
SW1@110.45,SW1,restep,0.0,-0.36236805152749024,6467.25276348921,t4a_frozen
SW1@110.45,SW1,restep,0.01,0.32983838492945633,6467.25276348921,t4a_frozen
SW1@110.45,SW1,restep,0.02,0.3179344566245616,6467.25276348921,t4a_frozen
SW1@110.45,SW1,restep,0.03,0.30603052831964944,6467.25276348921,t4a_frozen
SW1@110.45,SW1,restep,0.05,-0.11275923992457533,6467.25276348921,t4a_frozen
SW1@110.45,SW1,restep,0.07,-0.13231424021040666,6467.25276348921,t4a_frozen
SW1@110.45,SW1,restep,0.1,-0.061965682775452315,6467.25276348921,t4a_frozen
SW1@110.45,SW1,restep,0.15,0.11727533823992625,6467.25276348921,t4a_frozen
SW1@110.45,SW1,restep,0.2,0.4812759178625105,6467.25276348921,t4a_frozen
SW1@110.45,SW1,restep,0.3,0.3940543182760857,6467.25276348921,t4a_frozen
SW1@110.45,SW1,restep,0.5,0.9301007951463501,6467.25276348921,t4a_frozen
SW1@110.45,SW1,restep,0.75,0.8914640216016235,6467.25276348921,t4a_frozen
SW1@110.45,SW1,restep,1.0,0.950159941551402,6467.25276348921,t4a_frozen
SW1@110.45,SW1,restep,1.5,0.966493778799821,6467.25276348921,t4a_frozen
SW1@110.45,SW1,restep,2.0,0.9727995255231259,6467.25276348921,t4a_frozen
SW1@110.45,SW1,restep,3.0,0.9892484724203058,6467.25276348921,t4a_frozen
SW1@110.45,SW1,restep,5.0,1.0000505783412859,6467.25276348921,t4a_frozen
SW1@110.45,SW1,restep,8.0,1.0301428899643243,6467.25276348921,t4a_frozen
SW1@110.45,SW1,restep,15.0,1.0656150811502445,6467.25276348921,t4a_frozen
SW1@129.37,SW1,partial_unload,0.0,-0.40909255355810814,947.3454858100922,t4a_frozen
SW1@129.37,SW1,partial_unload,0.01,5.76110824575173,947.3454858100922,t4a_frozen
SW1@129.37,SW1,partial_unload,0.02,6.0780916377257705,947.3454858100922,t4a_frozen
SW1@129.37,SW1,partial_unload,0.03,6.395075029698912,947.3454858100922,t4a_frozen
SW1@129.37,SW1,partial_unload,0.05,5.022279342380691,947.3454858100922,t4a_frozen
SW1@129.37,SW1,partial_unload,0.07,4.991972166431097,947.3454858100922,t4a_frozen
SW1@129.37,SW1,partial_unload,0.1,9.767241152403495,947.3454858100922,t4a_frozen
SW1@129.37,SW1,partial_unload,0.15,17.10244939973841,947.3454858100922,t4a_frozen
SW1@129.37,SW1,partial_unload,0.2,25.553966374820938,947.3454858100922,t4a_frozen
SW1@129.37,SW1,partial_unload,0.3,27.795038584111563,947.3454858100922,t4a_frozen
SW1@129.37,SW1,partial_unload,0.5,27.766366412667036,947.3454858100922,t4a_frozen
SW1@129.37,SW1,partial_unload,0.75,27.73711256222287,947.3454858100922,t4a_frozen
SW1@129.37,SW1,partial_unload,1.0,27.72818714538126,947.3454858100922,t4a_frozen
SW1@129.37,SW1,partial_unload,1.5,27.737270319578222,947.3454858100922,t4a_frozen
SW1@129.37,SW1,partial_unload,2.0,27.73354777017939,947.3454858100922,t4a_frozen
SW1@129.37,SW1,partial_unload,3.0,27.73048046283331,947.3454858100922,t4a_frozen
SW1@129.37,SW1,partial_unload,5.0,0.8697429915466786,947.3454858100922,t4a_frozen
SW1@129.37,SW1,partial_unload,8.0,-0.7142120430123776,947.3454858100922,t4a_frozen
SW1@129.37,SW1,partial_unload,15.0,-1.1007247306231138,947.3454858100922,t4a_frozen
SW1@133.83,SW1,onset,0.0,0.0003298215378987881,27102.12313380071,t4a_frozen
SW1@133.83,SW1,onset,0.01,0.49501887620992646,27102.12313380071,t4a_frozen
SW1@133.83,SW1,onset,0.02,0.47422267916494204,27102.12313380071,t4a_frozen
SW1@133.83,SW1,onset,0.03,0.4534264821198985,27102.12313380071,t4a_frozen
SW1@133.83,SW1,onset,0.05,0.5190860061962227,27102.12313380071,t4a_frozen
SW1@133.83,SW1,onset,0.07,0.5191676423006383,27102.12313380071,t4a_frozen
SW1@133.83,SW1,onset,0.1,0.5276831370947035,27102.12313380071,t4a_frozen
SW1@133.83,SW1,onset,0.15,0.556729925698529,27102.12313380071,t4a_frozen
SW1@133.83,SW1,onset,0.2,0.6517501834323653,27102.12313380071,t4a_frozen
SW1@133.83,SW1,onset,0.3,0.8035176961678591,27102.12313380071,t4a_frozen
SW1@133.83,SW1,onset,0.5,0.9344263819814189,27102.12313380071,t4a_frozen
SW1@133.83,SW1,onset,0.75,0.9559786642157744,27102.12313380071,t4a_frozen
SW1@133.83,SW1,onset,1.0,0.9611502548275958,27102.12313380071,t4a_frozen
SW1@133.83,SW1,onset,1.5,0.9675671674008888,27102.12313380071,t4a_frozen
SW1@133.83,SW1,onset,2.0,0.9798611588518408,27102.12313380071,t4a_frozen
SW1@133.83,SW1,onset,3.0,0.9874666042956094,27102.12313380071,t4a_frozen
SW1@133.83,SW1,onset,5.0,1.0001958606300287,27102.12313380071,t4a_frozen
SW1@133.83,SW1,onset,8.0,1.0033923092986068,27102.12313380071,t4a_frozen
SW1@133.83,SW1,onset,15.0,1.011670161339652,27102.12313380071,t4a_frozen
SW1@182.03,SW1,partial_unload,0.0,0.400059279491928,3596.881602515561,t4a_frozen
SW1@182.03,SW1,partial_unload,0.01,7.318861941892689,3596.881602515561,t4a_frozen
SW1@182.03,SW1,partial_unload,0.02,7.458176851223237,3596.881602515561,t4a_frozen
SW1@182.03,SW1,partial_unload,0.03,7.597491760553388,3596.881602515561,t4a_frozen
SW1@182.03,SW1,partial_unload,0.05,7.774703347989411,3596.881602515561,t4a_frozen
SW1@182.03,SW1,partial_unload,0.07,7.777236330738849,3596.881602515561,t4a_frozen
SW1@182.03,SW1,partial_unload,0.1,7.783594543015784,3596.881602515561,t4a_frozen
SW1@182.03,SW1,partial_unload,0.15,7.785979079010366,3596.881602515561,t4a_frozen
SW1@182.03,SW1,partial_unload,0.2,7.774761786921345,3596.881602515561,t4a_frozen
SW1@182.03,SW1,partial_unload,0.3,7.770688055819185,3596.881602515561,t4a_frozen
SW1@182.03,SW1,partial_unload,0.5,7.770127462998959,3596.881602515561,t4a_frozen
SW1@182.03,SW1,partial_unload,0.75,7.7709166220744175,3596.881602515561,t4a_frozen
SW1@182.03,SW1,partial_unload,1.0,7.773095557328073,3596.881602515561,t4a_frozen
SW1@182.03,SW1,partial_unload,1.5,7.7748583348713245,3596.881602515561,t4a_frozen
SW1@182.03,SW1,partial_unload,2.0,7.770688055819185,3596.881602515561,t4a_frozen
SW1@182.03,SW1,partial_unload,3.0,7.772669368126072,3596.881602515561,t4a_frozen
SW1@182.03,SW1,partial_unload,5.0,0.9998963905825564,3596.881602515561,t4a_frozen
SW1@182.03,SW1,partial_unload,8.0,0.7989843080986131,3596.881602515561,t4a_frozen
SW1@182.03,SW1,partial_unload,15.0,0.5840480780720461,3596.881602515561,t4a_frozen
SW1@185.97,SW1,onset,0.0,-3.52014694289684e-05,25195.1910734136,t4a_frozen
SW1@185.97,SW1,onset,0.01,0.6797414540299845,25195.1910734136,t4a_frozen
SW1@185.97,SW1,onset,0.02,0.713563906969924,25195.1910734136,t4a_frozen
SW1@185.97,SW1,onset,0.03,0.7473863599097672,25195.1910734136,t4a_frozen
SW1@185.97,SW1,onset,0.05,0.8609361816304425,25195.1910734136,t4a_frozen
SW1@185.97,SW1,onset,0.07,0.8616957202735946,25195.1910734136,t4a_frozen
SW1@185.97,SW1,onset,0.1,0.8737574606020632,25195.1910734136,t4a_frozen
SW1@185.97,SW1,onset,0.15,0.8988567480189817,25195.1910734136,t4a_frozen
SW1@185.97,SW1,onset,0.2,0.9105798471083427,25195.1910734136,t4a_frozen
SW1@185.97,SW1,onset,0.3,0.939765091259678,25195.1910734136,t4a_frozen
SW1@185.97,SW1,onset,0.5,0.9501370491264225,25195.1910734136,t4a_frozen
SW1@185.97,SW1,onset,0.75,0.9582513847553644,25195.1910734136,t4a_frozen
SW1@185.97,SW1,onset,1.0,0.9651267398236681,25195.1910734136,t4a_frozen
SW1@185.97,SW1,onset,1.5,0.9747614595698915,25195.1910734136,t4a_frozen
SW1@185.97,SW1,onset,2.0,0.9800497558244756,25195.1910734136,t4a_frozen
SW1@185.97,SW1,onset,3.0,0.9884477911363861,25195.1910734136,t4a_frozen
SW1@185.97,SW1,onset,5.0,0.9996811140136654,25195.1910734136,t4a_frozen
SW1@185.97,SW1,onset,8.0,1.0104509986719503,25195.1910734136,t4a_frozen
SW1@185.97,SW1,onset,15.0,1.0319742858111753,25195.1910734136,t4a_frozen
SW1@202.65,SW1,partial_unload,0.0,0.624222371422907,3915.4830959621395,t4a_frozen
SW1@202.65,SW1,partial_unload,0.01,2.35264200846464,3915.4830959621395,t4a_frozen
SW1@202.65,SW1,partial_unload,0.02,2.2468011652237263,3915.4830959621395,t4a_frozen
SW1@202.65,SW1,partial_unload,0.03,2.1409603219831133,3915.4830959621395,t4a_frozen
SW1@202.65,SW1,partial_unload,0.05,1.4799389519639579,3915.4830959621395,t4a_frozen
SW1@202.65,SW1,partial_unload,0.07,1.3293987639369853,3915.4830959621395,t4a_frozen
SW1@202.65,SW1,partial_unload,0.1,1.275165009551088,3915.4830959621395,t4a_frozen
SW1@202.65,SW1,partial_unload,0.15,1.2241955349801308,3915.4830959621395,t4a_frozen
SW1@202.65,SW1,partial_unload,0.2,1.3078108761123353,3915.4830959621395,t4a_frozen
SW1@202.65,SW1,partial_unload,0.3,1.0959420621939848,3915.4830959621395,t4a_frozen
SW1@202.65,SW1,partial_unload,0.5,1.0622409291631192,3915.4830959621395,t4a_frozen
SW1@202.65,SW1,partial_unload,0.75,1.0591398473781903,3915.4830959621395,t4a_frozen
SW1@202.65,SW1,partial_unload,1.0,1.051777129799544,3915.4830959621395,t4a_frozen
SW1@202.65,SW1,partial_unload,1.5,1.0427228806137074,3915.4830959621395,t4a_frozen
SW1@202.65,SW1,partial_unload,2.0,1.0311323504950833,3915.4830959621395,t4a_frozen
SW1@202.65,SW1,partial_unload,3.0,1.022485437194342,3915.4830959621395,t4a_frozen
SW1@202.65,SW1,partial_unload,5.0,1.0001894383189718,3915.4830959621395,t4a_frozen
SW1@202.65,SW1,partial_unload,8.0,0.9989983393037168,3915.4830959621395,t4a_frozen
SW1@202.65,SW1,partial_unload,15.0,5.187986456497637,3915.4830959621395,t4a_frozen
SW1@212.40,SW1,partial_unload,0.0,0.015079493899461357,16380.627749658102,t4a_frozen
SW1@212.40,SW1,partial_unload,0.01,0.395101499732352,16380.627749658102,t4a_frozen
SW1@212.40,SW1,partial_unload,0.02,0.41249899574224974,16380.627749658102,t4a_frozen
SW1@212.40,SW1,partial_unload,0.03,0.42989649175209865,16380.627749658102,t4a_frozen
SW1@212.40,SW1,partial_unload,0.05,0.5115062500180372,16380.627749658102,t4a_frozen
SW1@212.40,SW1,partial_unload,0.07,0.5411171092488416,16380.627749658102,t4a_frozen
SW1@212.40,SW1,partial_unload,0.1,0.6935736842045095,16380.627749658102,t4a_frozen
SW1@212.40,SW1,partial_unload,0.15,0.7104807211547229,16380.627749658102,t4a_frozen
SW1@212.40,SW1,partial_unload,0.2,0.9124736945447863,16380.627749658102,t4a_frozen
SW1@212.40,SW1,partial_unload,0.3,1.027532375325332,16380.627749658102,t4a_frozen
SW1@212.40,SW1,partial_unload,0.5,1.0405460857090676,16380.627749658102,t4a_frozen
SW1@212.40,SW1,partial_unload,0.75,1.0660117713823414,16380.627749658102,t4a_frozen
SW1@212.40,SW1,partial_unload,1.0,1.0710296026023016,16380.627749658102,t4a_frozen
SW1@212.40,SW1,partial_unload,1.5,1.0145799119631809,16380.627749658102,t4a_frozen
SW1@212.40,SW1,partial_unload,2.0,1.0118299487662774,16380.627749658102,t4a_frozen
SW1@212.40,SW1,partial_unload,3.0,1.006253839663077,16380.627749658102,t4a_frozen
SW1@212.40,SW1,partial_unload,5.0,1.0004105260141882,16380.627749658102,t4a_frozen
SW1@212.40,SW1,partial_unload,8.0,0.643314459132824,16380.627749658102,t4a_frozen
SW1@212.40,SW1,partial_unload,15.0,0.6169182770827913,16380.627749658102,t4a_frozen
SW1@217.74,SW1,restep,0.0,0.014509289856045583,6096.159383964979,t4a_frozen
SW1@217.74,SW1,restep,0.01,0.4259468276934331,6096.159383964979,t4a_frozen
SW1@217.74,SW1,restep,0.02,0.3299499761348635,6096.159383964979,t4a_frozen
SW1@217.74,SW1,restep,0.03,0.2339531245760215,6096.159383964979,t4a_frozen
SW1@217.74,SW1,restep,0.05,0.04678506643089983,6096.159383964979,t4a_frozen
SW1@217.74,SW1,restep,0.07,0.021140164342648104,6096.159383964979,t4a_frozen
SW1@217.74,SW1,restep,0.1,0.165278475294995,6096.159383964979,t4a_frozen
SW1@217.74,SW1,restep,0.15,0.27443229375288947,6096.159383964979,t4a_frozen
SW1@217.74,SW1,restep,0.2,0.335163746367974,6096.159383964979,t4a_frozen
SW1@217.74,SW1,restep,0.3,0.12206867210221313,6096.159383964979,t4a_frozen
SW1@217.74,SW1,restep,0.5,0.3242522995570114,6096.159383964979,t4a_frozen
SW1@217.74,SW1,restep,0.75,0.8970961668943421,6096.159383964979,t4a_frozen
SW1@217.74,SW1,restep,1.0,0.8459486051439703,6096.159383964979,t4a_frozen
SW1@217.74,SW1,restep,1.5,0.8992715197809567,6096.159383964979,t4a_frozen
SW1@217.74,SW1,restep,2.0,0.9381475811585299,6096.159383964979,t4a_frozen
SW1@217.74,SW1,restep,3.0,0.9423721209496707,6096.159383964979,t4a_frozen
SW1@217.74,SW1,restep,5.0,0.9983843831502108,6096.159383964979,t4a_frozen
SW1@217.74,SW1,restep,8.0,1.0191364926431081,6096.159383964979,t4a_frozen
SW1@217.74,SW1,restep,15.0,-0.10006509689510346,6096.159383964979,t4a_frozen
SW1@230.64,SW1,restep,0.0,-0.4445567893560871,7753.665046500464,t4a_frozen
SW1@230.64,SW1,restep,0.01,-0.7506440321655197,7753.665046500464,t4a_frozen
SW1@230.64,SW1,restep,0.02,-0.7861756897393745,7753.665046500464,t4a_frozen
SW1@230.64,SW1,restep,0.03,-0.8217073473133302,7753.665046500464,t4a_frozen
SW1@230.64,SW1,restep,0.05,-0.8977630056587633,7753.665046500464,t4a_frozen
SW1@230.64,SW1,restep,0.07,-0.8389318448518215,7753.665046500464,t4a_frozen
SW1@230.64,SW1,restep,0.1,-0.9099318149068862,7753.665046500464,t4a_frozen
SW1@230.64,SW1,restep,0.15,-0.8900810118431871,7753.665046500464,t4a_frozen
SW1@230.64,SW1,restep,0.2,-0.892881286501863,7753.665046500464,t4a_frozen
SW1@230.64,SW1,restep,0.3,-0.8929931200497893,7753.665046500464,t4a_frozen
SW1@230.64,SW1,restep,0.5,-0.8901800464428024,7753.665046500464,t4a_frozen
SW1@230.64,SW1,restep,0.75,-0.8899861391455457,7753.665046500464,t4a_frozen
SW1@230.64,SW1,restep,1.0,-0.889492855451977,7753.665046500464,t4a_frozen
SW1@230.64,SW1,restep,1.5,-0.890921011168591,7753.665046500464,t4a_frozen
SW1@230.64,SW1,restep,2.0,-0.9025261095275237,7753.665046500464,t4a_frozen
SW1@230.64,SW1,restep,3.0,0.6379311289427504,7753.665046500464,t4a_frozen
SW1@230.64,SW1,restep,5.0,1.0001449187721358,7753.665046500464,t4a_frozen
SW1@230.64,SW1,restep,8.0,1.0578277627687942,7753.665046500464,t4a_frozen
SW1@230.64,SW1,restep,15.0,1.7453980018516821,7753.665046500464,t4a_frozen
SW1@233.05,SW1,onset,0.0,-0.16742618154386008,15035.405569430035,t4a_frozen
SW1@233.05,SW1,onset,0.01,-0.06315720035422762,15035.405569430035,t4a_frozen
SW1@233.05,SW1,onset,0.02,-0.06031591822685397,15035.405569430035,t4a_frozen
SW1@233.05,SW1,onset,0.03,-0.057474636099472155,15035.405569430035,t4a_frozen
SW1@233.05,SW1,onset,0.05,-0.08087469744273729,15035.405569430035,t4a_frozen
SW1@233.05,SW1,onset,0.07,-0.0933607325388789,15035.405569430035,t4a_frozen
SW1@233.05,SW1,onset,0.1,-0.05669700603533311,15035.405569430035,t4a_frozen
SW1@233.05,SW1,onset,0.15,-0.07227587953050765,15035.405569430035,t4a_frozen
SW1@233.05,SW1,onset,0.2,-0.07348594913096665,15035.405569430035,t4a_frozen
SW1@233.05,SW1,onset,0.3,0.0097342426138184,15035.405569430035,t4a_frozen
SW1@233.05,SW1,onset,0.5,0.5404399072199272,15035.405569430035,t4a_frozen
SW1@233.05,SW1,onset,0.75,0.9246419378304447,15035.405569430035,t4a_frozen
SW1@233.05,SW1,onset,1.0,0.934853966432948,15035.405569430035,t4a_frozen
SW1@233.05,SW1,onset,1.5,0.9533975274921715,15035.405569430035,t4a_frozen
SW1@233.05,SW1,onset,2.0,0.963121144673334,15035.405569430035,t4a_frozen
SW1@233.05,SW1,onset,3.0,0.9857005854530896,15035.405569430035,t4a_frozen
SW1@233.05,SW1,onset,5.0,0.9999675313793819,15035.405569430035,t4a_frozen
SW1@233.05,SW1,onset,8.0,1.3033810570039237,15035.405569430035,t4a_frozen
SW1@233.05,SW1,onset,15.0,1.3721553718869206,15035.405569430035,t4a_frozen
SW1@240.72,SW1,restep,0.0,0.020930399017930444,5257.150855137785,t4a_frozen
SW1@240.72,SW1,restep,0.01,0.3290454714819381,5257.150855137785,t4a_frozen
SW1@240.72,SW1,restep,0.02,0.3405879028836226,5257.150855137785,t4a_frozen
SW1@240.72,SW1,restep,0.03,0.3521303342853072,5257.150855137785,t4a_frozen
SW1@240.72,SW1,restep,0.05,0.39732404680135186,5257.150855137785,t4a_frozen
SW1@240.72,SW1,restep,0.07,0.4399670199465105,5257.150855137785,t4a_frozen
SW1@240.72,SW1,restep,0.1,0.45668409470170884,5257.150855137785,t4a_frozen
SW1@240.72,SW1,restep,0.15,0.5208853914050272,5257.150855137785,t4a_frozen
SW1@240.72,SW1,restep,0.2,0.6216978425478188,5257.150855137785,t4a_frozen
SW1@240.72,SW1,restep,0.3,0.8664615646587563,5257.150855137785,t4a_frozen
SW1@240.72,SW1,restep,0.5,0.8491974964394616,5257.150855137785,t4a_frozen
SW1@240.72,SW1,restep,0.75,0.8676351998873175,5257.150855137785,t4a_frozen
SW1@240.72,SW1,restep,1.0,0.928434586979305,5257.150855137785,t4a_frozen
SW1@240.72,SW1,restep,1.5,0.9204114680897055,5257.150855137785,t4a_frozen
SW1@240.72,SW1,restep,2.0,0.9294915938827393,5257.150855137785,t4a_frozen
SW1@240.72,SW1,restep,3.0,0.96929980594938,5257.150855137785,t4a_frozen
SW1@240.72,SW1,restep,5.0,0.9995780038657801,5257.150855137785,t4a_frozen
SW1@240.72,SW1,restep,8.0,1.043001934826619,5257.150855137785,t4a_frozen
SW1@240.72,SW1,restep,15.0,,5257.150855137785,t4a_frozen
SW1@249.63,SW1,unload,0.0,0.19196574189149207,25812.983677226002,t4a_frozen
SW1@249.63,SW1,unload,0.01,0.999914930882777,25812.983677226002,t4a_frozen
SW1@249.63,SW1,unload,0.02,1.000138584193166,25812.983677226002,t4a_frozen
SW1@249.63,SW1,unload,0.03,1.0003622375035555,25812.983677226002,t4a_frozen
SW1@249.63,SW1,unload,0.05,1.0008095441243343,25812.983677226002,t4a_frozen
SW1@249.63,SW1,unload,0.07,1.0012809870840238,25812.983677226002,t4a_frozen
SW1@249.63,SW1,unload,0.1,1.0014721273788092,25812.983677226002,t4a_frozen
SW1@249.63,SW1,unload,0.15,1.001554538616627,25812.983677226002,t4a_frozen
SW1@249.63,SW1,unload,0.2,1.0020871079153326,25812.983677226002,t4a_frozen
SW1@249.63,SW1,unload,0.3,1.0010582416962748,25812.983677226002,t4a_frozen
SW1@249.63,SW1,unload,0.5,1.0006998837137793,25812.983677226002,t4a_frozen
SW1@249.63,SW1,unload,0.75,0.999806299029104,25812.983677226002,t4a_frozen
SW1@249.63,SW1,unload,1.0,0.999806299029104,25812.983677226002,t4a_frozen
SW1@249.63,SW1,unload,1.5,0.9997675588349249,25812.983677226002,t4a_frozen
SW1@249.63,SW1,unload,2.0,0.9998799784562349,25812.983677226002,t4a_frozen
SW1@249.63,SW1,unload,3.0,0.9997288186407457,25812.983677226002,t4a_frozen
SW1@249.63,SW1,unload,5.0,1.0000774803883583,25812.983677226002,t4a_frozen
SW1@249.63,SW1,unload,8.0,,25812.983677226002,t4a_frozen
SW1@249.63,SW1,unload,15.0,,25812.983677226002,t4a_frozen
SW2@11.79,SW2,onset,0.0,0.4461246110616567,14396.329070942986,t4a_frozen
SW2@11.79,SW2,onset,0.01,0.8168504510016802,14396.329070942986,t4a_frozen
SW2@11.79,SW2,onset,0.02,0.8161556210312347,14396.329070942986,t4a_frozen
SW2@11.79,SW2,onset,0.03,0.8154607910607893,14396.329070942986,t4a_frozen
SW2@11.79,SW2,onset,0.05,0.8219462560774642,14396.329070942986,t4a_frozen
SW2@11.79,SW2,onset,0.07,0.8219809126419071,14396.329070942986,t4a_frozen
SW2@11.79,SW2,onset,0.1,0.8296434262946765,14396.329070942986,t4a_frozen
SW2@11.79,SW2,onset,0.15,0.8463293420608984,14396.329070942986,t4a_frozen
SW2@11.79,SW2,onset,0.2,0.8655168674348616,14396.329070942986,t4a_frozen
SW2@11.79,SW2,onset,0.3,0.8847242607488015,14396.329070942986,t4a_frozen
SW2@11.79,SW2,onset,0.5,0.9000732604077814,14396.329070942986,t4a_frozen
SW2@11.79,SW2,onset,0.75,0.9197063977123834,14396.329070942986,t4a_frozen
SW2@11.79,SW2,onset,1.0,0.9326900200778993,14396.329070942986,t4a_frozen
SW2@11.79,SW2,onset,1.5,0.9657324190718409,14396.329070942986,t4a_frozen
SW2@11.79,SW2,onset,2.0,1.0285532966611894,14396.329070942986,t4a_frozen
SW2@11.79,SW2,onset,3.0,1.0519853865210094,14396.329070942986,t4a_frozen
SW2@11.79,SW2,onset,5.0,0.9995323956654952,14396.329070942986,t4a_frozen
SW2@11.79,SW2,onset,8.0,1.0642892384334968,14396.329070942986,t4a_frozen
SW2@11.79,SW2,onset,15.0,1.091042986071101,14396.329070942986,t4a_frozen
SW2@13.70,SW2,restep,0.0,0.8693018291425715,1433.2482214954161,t4a_frozen
SW2@13.70,SW2,restep,0.01,1.1234936615193984,1433.2482214954161,t4a_frozen
SW2@13.70,SW2,restep,0.02,1.1003206791390008,1433.2482214954161,t4a_frozen
SW2@13.70,SW2,restep,0.03,1.0771476967586007,1433.2482214954161,t4a_frozen
SW2@13.70,SW2,restep,0.05,1.0655083162693129,1433.2482214954161,t4a_frozen
SW2@13.70,SW2,restep,0.07,1.0686527542475732,1433.2482214954161,t4a_frozen
SW2@13.70,SW2,restep,0.1,1.019373860885228,1433.2482214954161,t4a_frozen
SW2@13.70,SW2,restep,0.15,1.014719825898674,1433.2482214954161,t4a_frozen
SW2@13.70,SW2,restep,0.2,1.0436696055882917,1433.2482214954161,t4a_frozen
SW2@13.70,SW2,restep,0.3,1.0948218581177083,1433.2482214954161,t4a_frozen
SW2@13.70,SW2,restep,0.5,1.3300802405765113,1433.2482214954161,t4a_frozen
SW2@13.70,SW2,restep,0.75,1.4382398777876249,1433.2482214954161,t4a_frozen
SW2@13.70,SW2,restep,1.0,1.5034796220715105,1433.2482214954161,t4a_frozen
SW2@13.70,SW2,restep,1.5,0.2962371580024097,1433.2482214954161,t4a_frozen
SW2@13.70,SW2,restep,2.0,0.5864956397780916,1433.2482214954161,t4a_frozen
SW2@13.70,SW2,restep,3.0,0.7115371912831316,1433.2482214954161,t4a_frozen
SW2@13.70,SW2,restep,5.0,0.9920598526641582,1433.2482214954161,t4a_frozen
SW2@13.70,SW2,restep,8.0,1.401720476572677,1433.2482214954161,t4a_frozen
SW2@13.70,SW2,restep,15.0,1.828978797278763,1433.2482214954161,t4a_frozen
SW2@14.86,SW2,restep,0.0,1.0195368793846022,479.8954775144575,t4a_frozen
SW2@14.86,SW2,restep,0.01,-0.2003804215741638,479.8954775144575,t4a_frozen
SW2@14.86,SW2,restep,0.02,-0.1823621752340981,479.8954775144575,t4a_frozen
SW2@14.86,SW2,restep,0.03,-0.16434392889403993,479.8954775144575,t4a_frozen
SW2@14.86,SW2,restep,0.05,-0.47849577136230376,479.8954775144575,t4a_frozen
SW2@14.86,SW2,restep,0.07,-0.5106750503516448,479.8954775144575,t4a_frozen
SW2@14.86,SW2,restep,0.1,-1.0643861467298399,479.8954775144575,t4a_frozen
SW2@14.86,SW2,restep,0.15,-1.5993039236609483,479.8954775144575,t4a_frozen
SW2@14.86,SW2,restep,0.2,-2.042459969700056,479.8954775144575,t4a_frozen
SW2@14.86,SW2,restep,0.3,-2.2233720581116,479.8954775144575,t4a_frozen
SW2@14.86,SW2,restep,0.5,-1.5328502052047457,479.8954775144575,t4a_frozen
SW2@14.86,SW2,restep,0.75,-1.3833066916028762,479.8954775144575,t4a_frozen
SW2@14.86,SW2,restep,1.0,-1.1520369840380211,479.8954775144575,t4a_frozen
SW2@14.86,SW2,restep,1.5,-1.0921194613885925,479.8954775144575,t4a_frozen
SW2@14.86,SW2,restep,2.0,-0.9469157809580291,479.8954775144575,t4a_frozen
SW2@14.86,SW2,restep,3.0,-0.23738369759692862,479.8954775144575,t4a_frozen
SW2@14.86,SW2,restep,5.0,0.959291109037272,479.8954775144575,t4a_frozen
SW2@14.86,SW2,restep,8.0,1.3224637377904882,479.8954775144575,t4a_frozen
SW2@14.86,SW2,restep,15.0,2.2242179158335076,479.8954775144575,t4a_frozen
SW2@31.22,SW2,restep,0.0,-3.5818619684624173,1416.621673253956,t4a_frozen
SW2@31.22,SW2,restep,0.01,-11.262760309839168,1416.621673253956,t4a_frozen
SW2@31.22,SW2,restep,0.02,-11.262760309839168,1416.621673253956,t4a_frozen
SW2@31.22,SW2,restep,0.03,-11.262760309839168,1416.621673253956,t4a_frozen
SW2@31.22,SW2,restep,0.05,-11.262760309839168,1416.621673253956,t4a_frozen
SW2@31.22,SW2,restep,0.07,-11.261705814904227,1416.621673253956,t4a_frozen
SW2@31.22,SW2,restep,0.1,-11.251846944559984,1416.621673253956,t4a_frozen
SW2@31.22,SW2,restep,0.15,-11.248282721909007,1416.621673253956,t4a_frozen
SW2@31.22,SW2,restep,0.2,-11.260463290006298,1416.621673253956,t4a_frozen
SW2@31.22,SW2,restep,0.3,-11.272642976654396,1416.621673253956,t4a_frozen
SW2@31.22,SW2,restep,0.5,-11.27758431006201,1416.621673253956,t4a_frozen
SW2@31.22,SW2,restep,0.75,-11.279702024379558,1416.621673253956,t4a_frozen
SW2@31.22,SW2,restep,1.0,-11.27758431006201,1416.621673253956,t4a_frozen
SW2@31.22,SW2,restep,1.5,-11.279702024379558,1416.621673253956,t4a_frozen
SW2@31.22,SW2,restep,2.0,-11.284642475714932,1416.621673253956,t4a_frozen
SW2@31.22,SW2,restep,3.0,-11.270525262336847,1416.621673253956,t4a_frozen
SW2@31.22,SW2,restep,5.0,1.0158390985186818,1416.621673253956,t4a_frozen
SW2@31.22,SW2,restep,8.0,3.8288478524369687,1416.621673253956,t4a_frozen
SW2@31.22,SW2,restep,15.0,4.627172312790127,1416.621673253956,t4a_frozen
SW2@35.96,SW2,onset,0.0,0.15931264972928064,21606.07210845454,t4a_frozen
SW2@35.96,SW2,onset,0.01,0.5205367124875021,21606.07210845454,t4a_frozen
SW2@35.96,SW2,onset,0.02,0.5263642294891082,21606.07210845454,t4a_frozen
SW2@35.96,SW2,onset,0.03,0.5321917464907101,21606.07210845454,t4a_frozen
SW2@35.96,SW2,onset,0.05,0.5944519597949021,21606.07210845454,t4a_frozen
SW2@35.96,SW2,onset,0.07,0.5948981866349717,21606.07210845454,t4a_frozen
SW2@35.96,SW2,onset,0.1,0.6059910681862223,21606.07210845454,t4a_frozen
SW2@35.96,SW2,onset,0.15,0.6565843397579589,21606.07210845454,t4a_frozen
SW2@35.96,SW2,onset,0.2,0.7915458489229372,21606.07210845454,t4a_frozen
SW2@35.96,SW2,onset,0.3,0.8437817887869306,21606.07210845454,t4a_frozen
SW2@35.96,SW2,onset,0.5,0.9057043961186493,21606.07210845454,t4a_frozen
SW2@35.96,SW2,onset,0.75,0.9484225389220904,21606.07210845454,t4a_frozen
SW2@35.96,SW2,onset,1.0,0.9610097664171728,21606.07210845454,t4a_frozen
SW2@35.96,SW2,onset,1.5,0.9532955633846363,21606.07210845454,t4a_frozen
SW2@35.96,SW2,onset,2.0,0.9637084722441609,21606.07210845454,t4a_frozen
SW2@35.96,SW2,onset,3.0,0.986295857585631,21606.07210845454,t4a_frozen
SW2@35.96,SW2,onset,5.0,0.9988784084583507,21606.07210845454,t4a_frozen
SW2@35.96,SW2,onset,8.0,1.0306386862299328,21606.07210845454,t4a_frozen
SW2@35.96,SW2,onset,15.0,0.0020182963674317917,21606.07210845454,t4a_frozen
SW2@50.61,SW2,unload,0.0,0.757289719008475,22616.344180919037,t4a_frozen
SW2@50.61,SW2,unload,0.01,0.9992613533989969,22616.344180919037,t4a_frozen
SW2@50.61,SW2,unload,0.02,0.9992281956854571,22616.344180919037,t4a_frozen
SW2@50.61,SW2,unload,0.03,0.9991950379719171,22616.344180919037,t4a_frozen
SW2@50.61,SW2,unload,0.05,0.9977154787741567,22616.344180919037,t4a_frozen
SW2@50.61,SW2,unload,0.07,0.997655345752237,22616.344180919037,t4a_frozen
SW2@50.61,SW2,unload,0.1,0.9976513473329063,22616.344180919037,t4a_frozen
SW2@50.61,SW2,unload,0.15,0.9906602471262138,22616.344180919037,t4a_frozen
SW2@50.61,SW2,unload,0.2,0.9946983710553436,22616.344180919037,t4a_frozen
SW2@50.61,SW2,unload,0.3,0.9981277176991866,22616.344180919037,t4a_frozen
SW2@50.61,SW2,unload,0.5,0.9985256599982605,22616.344180919037,t4a_frozen
SW2@50.61,SW2,unload,0.75,0.999940565950523,22616.344180919037,t4a_frozen
SW2@50.61,SW2,unload,1.0,1.0002005736046378,22616.344180919037,t4a_frozen
SW2@50.61,SW2,unload,1.5,1.000161645005564,22616.344180919037,t4a_frozen
SW2@50.61,SW2,unload,2.0,1.0002943440822807,22616.344180919037,t4a_frozen
SW2@50.61,SW2,unload,3.0,1.0004711556826216,22616.344180919037,t4a_frozen
SW2@50.61,SW2,unload,5.0,0.9999661469659727,22616.344180919037,t4a_frozen
SW2@50.61,SW2,unload,8.0,-0.0572735416085598,22616.344180919037,t4a_frozen
SW2@50.61,SW2,unload,15.0,-0.12645775237447687,22616.344180919037,t4a_frozen
SW2@57.30,SW2,onset,0.0,0.028409895398716904,25171.3162214825,t4a_frozen
SW2@57.30,SW2,onset,0.01,0.6870419520047866,25171.3162214825,t4a_frozen
SW2@57.30,SW2,onset,0.02,0.6982074064110896,25171.3162214825,t4a_frozen
SW2@57.30,SW2,onset,0.03,0.7093728608173924,25171.3162214825,t4a_frozen
SW2@57.30,SW2,onset,0.05,0.7429440293194907,25171.3162214825,t4a_frozen
SW2@57.30,SW2,onset,0.07,0.7405693635263185,25171.3162214825,t4a_frozen
SW2@57.30,SW2,onset,0.1,0.7449830740861864,25171.3162214825,t4a_frozen
SW2@57.30,SW2,onset,0.15,0.7823817778528296,25171.3162214825,t4a_frozen
SW2@57.30,SW2,onset,0.2,0.8349832164544941,25171.3162214825,t4a_frozen
SW2@57.30,SW2,onset,0.3,0.89224768878868,25171.3162214825,t4a_frozen
SW2@57.30,SW2,onset,0.5,0.9082415517544081,25171.3162214825,t4a_frozen
SW2@57.30,SW2,onset,0.75,0.9350438495271373,25171.3162214825,t4a_frozen
SW2@57.30,SW2,onset,1.0,0.9436143981772354,25171.3162214825,t4a_frozen
SW2@57.30,SW2,onset,1.5,0.9514476365882377,25171.3162214825,t4a_frozen
SW2@57.30,SW2,onset,2.0,0.9660361385113388,25171.3162214825,t4a_frozen
SW2@57.30,SW2,onset,3.0,0.9856995190653576,25171.3162214825,t4a_frozen
SW2@57.30,SW2,onset,5.0,0.9998619265523726,25171.3162214825,t4a_frozen
SW2@57.30,SW2,onset,8.0,1.010952298882258,25171.3162214825,t4a_frozen
SW2@57.30,SW2,onset,15.0,,25171.3162214825,t4a_frozen
SW3@10.92,SW3,onset,0.0,0.3136147279289473,17632.273168303163,t4a_frozen
SW3@10.92,SW3,onset,0.01,0.5426465196762648,17632.273168303163,t4a_frozen
SW3@10.92,SW3,onset,0.02,0.5634990027225756,17632.273168303163,t4a_frozen
SW3@10.92,SW3,onset,0.03,0.5843514857688901,17632.273168303163,t4a_frozen
SW3@10.92,SW3,onset,0.05,0.6847864224778583,17632.273168303163,t4a_frozen
SW3@10.92,SW3,onset,0.07,0.6941038446479065,17632.273168303163,t4a_frozen
SW3@10.92,SW3,onset,0.1,0.732437345604885,17632.273168303163,t4a_frozen
SW3@10.92,SW3,onset,0.15,0.7691279572963448,17632.273168303163,t4a_frozen
SW3@10.92,SW3,onset,0.2,0.7593979355873914,17632.273168303163,t4a_frozen
SW3@10.92,SW3,onset,0.3,0.8367258839420114,17632.273168303163,t4a_frozen
SW3@10.92,SW3,onset,0.5,0.8475049532126857,17632.273168303163,t4a_frozen
SW3@10.92,SW3,onset,0.75,0.8731022405753153,17632.273168303163,t4a_frozen
SW3@10.92,SW3,onset,1.0,0.8862162668117853,17632.273168303163,t4a_frozen
SW3@10.92,SW3,onset,1.5,0.9115106473254602,17632.273168303163,t4a_frozen
SW3@10.92,SW3,onset,2.0,0.9177019676368967,17632.273168303163,t4a_frozen
SW3@10.92,SW3,onset,3.0,0.9411287454995472,17632.273168303163,t4a_frozen
SW3@10.92,SW3,onset,5.0,1.0002236529115387,17632.273168303163,t4a_frozen
SW3@10.92,SW3,onset,8.0,1.0419049003165954,17632.273168303163,t4a_frozen
SW3@10.92,SW3,onset,15.0,1.4510975909747323,17632.273168303163,t4a_frozen
SW3@20.72,SW3,restep,0.0,0.10375203340529823,7061.968864442122,t4a_frozen
SW3@20.72,SW3,restep,0.01,0.3127330023831923,7061.968864442122,t4a_frozen
SW3@20.72,SW3,restep,0.02,0.30197413095713654,7061.968864442122,t4a_frozen
SW3@20.72,SW3,restep,0.03,0.2912152595310849,7061.968864442122,t4a_frozen
SW3@20.72,SW3,restep,0.05,0.19494521605897633,7061.968864442122,t4a_frozen
SW3@20.72,SW3,restep,0.07,0.23159710095673844,7061.968864442122,t4a_frozen
SW3@20.72,SW3,restep,0.1,0.1981325230574979,7061.968864442122,t4a_frozen
SW3@20.72,SW3,restep,0.15,0.32902675495814465,7061.968864442122,t4a_frozen
SW3@20.72,SW3,restep,0.2,0.46168343954654417,7061.968864442122,t4a_frozen
SW3@20.72,SW3,restep,0.3,0.6884799994771704,7061.968864442122,t4a_frozen
SW3@20.72,SW3,restep,0.5,0.6948198597477377,7061.968864442122,t4a_frozen
SW3@20.72,SW3,restep,0.75,0.7652507350742065,7061.968864442122,t4a_frozen
SW3@20.72,SW3,restep,1.0,0.776937528188003,7061.968864442122,t4a_frozen
SW3@20.72,SW3,restep,1.5,0.8660604322723058,7061.968864442122,t4a_frozen
SW3@20.72,SW3,restep,2.0,0.8877947847821328,7061.968864442122,t4a_frozen
SW3@20.72,SW3,restep,3.0,0.9345536241797606,7061.968864442122,t4a_frozen
SW3@20.72,SW3,restep,5.0,0.9999825275690213,7061.968864442122,t4a_frozen
SW3@20.72,SW3,restep,8.0,1.037019065568291,7061.968864442122,t4a_frozen
SW3@20.72,SW3,restep,15.0,-2.6207379012397345,7061.968864442122,t4a_frozen
SW3@30.68,SW3,unload,0.0,-0.014604189796502747,25927.02072465208,t4a_frozen
SW3@30.68,SW3,unload,0.01,1.0009642449961953,25927.02072465208,t4a_frozen
SW3@30.68,SW3,unload,0.02,1.0009642449961953,25927.02072465208,t4a_frozen
SW3@30.68,SW3,unload,0.03,1.0009642449961953,25927.02072465208,t4a_frozen
SW3@30.68,SW3,unload,0.05,1.0014270825943692,25927.02072465208,t4a_frozen
SW3@30.68,SW3,unload,0.07,1.0014270825943692,25927.02072465208,t4a_frozen
SW3@30.68,SW3,unload,0.1,1.0020056295920865,25927.02072465208,t4a_frozen
SW3@30.68,SW3,unload,0.15,1.0017356409931517,25927.02072465208,t4a_frozen
SW3@30.68,SW3,unload,0.2,1.001529737555732,25927.02072465208,t4a_frozen
SW3@30.68,SW3,unload,0.3,1.0008485355966519,25927.02072465208,t4a_frozen
SW3@30.68,SW3,unload,0.5,1.000462837598174,25927.02072465208,t4a_frozen
SW3@30.68,SW3,unload,0.75,1.0002295194239463,25927.02072465208,t4a_frozen
SW3@30.68,SW3,unload,1.0,1.0003034669648248,25927.02072465208,t4a_frozen
SW3@30.68,SW3,unload,1.5,1.000204157086574,25927.02072465208,t4a_frozen
SW3@30.68,SW3,unload,2.0,1.0001542791993914,25927.02072465208,t4a_frozen
SW3@30.68,SW3,unload,3.0,1.0003085583987825,25927.02072465208,t4a_frozen
SW3@30.68,SW3,unload,5.0,1.0,25927.02072465208,t4a_frozen
SW3@30.68,SW3,unload,8.0,0.9998071510007609,25927.02072465208,t4a_frozen
SW3@30.68,SW3,unload,15.0,-0.0323831945371135,25927.02072465208,t4a_frozen
SW3@39.08,SW3,onset,0.0,0.14020121916164752,26582.572111911504,t4a_frozen
SW3@39.08,SW3,onset,0.01,0.3003847746439708,26582.572111911504,t4a_frozen
SW3@39.08,SW3,onset,0.02,0.30348727583395463,26582.572111911504,t4a_frozen
SW3@39.08,SW3,onset,0.03,0.30658977702393836,26582.572111911504,t4a_frozen
SW3@39.08,SW3,onset,0.05,0.4001861548807729,26582.572111911504,t4a_frozen
SW3@39.08,SW3,onset,0.07,0.4203728628026659,26582.572111911504,t4a_frozen
SW3@39.08,SW3,onset,0.1,0.5955228467436227,26582.572111911504,t4a_frozen
SW3@39.08,SW3,onset,0.15,0.7974146852219656,26582.572111911504,t4a_frozen
SW3@39.08,SW3,onset,0.2,0.8535528568194055,26582.572111911504,t4a_frozen
SW3@39.08,SW3,onset,0.3,0.8799764833699361,26582.572111911504,t4a_frozen
SW3@39.08,SW3,onset,0.5,0.893427978086248,26582.572111911504,t4a_frozen
SW3@39.08,SW3,onset,0.75,0.9147011252931478,26582.572111911504,t4a_frozen
SW3@39.08,SW3,onset,1.0,0.9361703972191397,26582.572111911504,t4a_frozen
SW3@39.08,SW3,onset,1.5,0.9581168245606989,26582.572111911504,t4a_frozen
SW3@39.08,SW3,onset,2.0,0.9642053392225544,26582.572111911504,t4a_frozen
SW3@39.08,SW3,onset,3.0,0.982394986026058,26582.572111911504,t4a_frozen
SW3@39.08,SW3,onset,5.0,0.9997213640387735,26582.572111911504,t4a_frozen
SW3@39.08,SW3,onset,8.0,1.0143387780210222,26582.572111911504,t4a_frozen
SW3@39.08,SW3,onset,15.0,1.0332137121599012,26582.572111911504,t4a_frozen
SW4@8.41,SW4,onset,0.0,0.34455759184311324,15364.168631471042,t4a_frozen
SW4@8.41,SW4,onset,0.01,0.6386565692325838,15364.168631471042,t4a_frozen
SW4@8.41,SW4,onset,0.02,0.6401556702898085,15364.168631471042,t4a_frozen
SW4@8.41,SW4,onset,0.03,0.641654771347033,15364.168631471042,t4a_frozen
SW4@8.41,SW4,onset,0.05,0.704615525610898,15364.168631471042,t4a_frozen
SW4@8.41,SW4,onset,0.07,0.7122074764767471,15364.168631471042,t4a_frozen
SW4@8.41,SW4,onset,0.1,0.748917508258714,15364.168631471042,t4a_frozen
SW4@8.41,SW4,onset,0.15,0.7693915727310766,15364.168631471042,t4a_frozen
SW4@8.41,SW4,onset,0.2,0.7806882986908492,15364.168631471042,t4a_frozen
SW4@8.41,SW4,onset,0.3,0.8088678807764246,15364.168631471042,t4a_frozen
SW4@8.41,SW4,onset,0.5,0.8443607343723086,15364.168631471042,t4a_frozen
SW4@8.41,SW4,onset,0.75,0.8667569537555228,15364.168631471042,t4a_frozen
SW4@8.41,SW4,onset,1.0,0.8827201849926933,15364.168631471042,t4a_frozen
SW4@8.41,SW4,onset,1.5,0.8965906673327159,15364.168631471042,t4a_frozen
SW4@8.41,SW4,onset,2.0,0.9195647639333836,15364.168631471042,t4a_frozen
SW4@8.41,SW4,onset,3.0,0.9470210004048407,15364.168631471042,t4a_frozen
SW4@8.41,SW4,onset,5.0,1.0015188193195919,15364.168631471042,t4a_frozen
SW4@8.41,SW4,onset,8.0,1.0288219424939502,15364.168631471042,t4a_frozen
SW4@8.41,SW4,onset,15.0,1.4590582762833046,15364.168631471042,t4a_frozen
SW4@18.68,SW4,restep,0.0,0.018605546009567445,6411.467473168301,t4a_frozen
SW4@18.68,SW4,restep,0.01,0.23697977178488022,6411.467473168301,t4a_frozen
SW4@18.68,SW4,restep,0.02,0.24360731755676882,6411.467473168301,t4a_frozen
SW4@18.68,SW4,restep,0.03,0.2502348633286603,6411.467473168301,t4a_frozen
SW4@18.68,SW4,restep,0.05,0.26348995487244087,6411.467473168301,t4a_frozen
SW4@18.68,SW4,restep,0.07,0.3158413548043356,6411.467473168301,t4a_frozen
SW4@18.68,SW4,restep,0.1,0.3262428006571378,6411.467473168301,t4a_frozen
SW4@18.68,SW4,restep,0.15,0.570051029528836,6411.467473168301,t4a_frozen
SW4@18.68,SW4,restep,0.2,0.6399166378672672,6411.467473168301,t4a_frozen
SW4@18.68,SW4,restep,0.3,0.7520404569941318,6411.467473168301,t4a_frozen
SW4@18.68,SW4,restep,0.5,0.8980776337933861,6411.467473168301,t4a_frozen
SW4@18.68,SW4,restep,0.75,0.9297323046334026,6411.467473168301,t4a_frozen
SW4@18.68,SW4,restep,1.0,0.9320811018675463,6411.467473168301,t4a_frozen
SW4@18.68,SW4,restep,1.5,0.9542160372784837,6411.467473168301,t4a_frozen
SW4@18.68,SW4,restep,2.0,0.9661718519063142,6411.467473168301,t4a_frozen
SW4@18.68,SW4,restep,3.0,0.9820808462865975,6411.467473168301,t4a_frozen
SW4@18.68,SW4,restep,5.0,0.996243086808688,6411.467473168301,t4a_frozen
SW4@18.68,SW4,restep,8.0,0.5052811037361316,6411.467473168301,t4a_frozen
SW4@18.68,SW4,restep,15.0,1.258845848814096,6411.467473168301,t4a_frozen
SW4@26.57,SW4,restep,0.0,-2.7232973220495396,1185.9562622344529,t4a_frozen
SW4@26.57,SW4,restep,0.01,-3.819802135275195,1185.9562622344529,t4a_frozen
SW4@26.57,SW4,restep,0.02,-3.9074234908800696,1185.9562622344529,t4a_frozen
SW4@26.57,SW4,restep,0.03,-3.995044846484975,1185.9562622344529,t4a_frozen
SW4@26.57,SW4,restep,0.05,-3.3118893063323935,1185.9562622344529,t4a_frozen
SW4@26.57,SW4,restep,0.07,-3.1959853315816127,1185.9562622344529,t4a_frozen
SW4@26.57,SW4,restep,0.1,-3.019258894640862,1185.9562622344529,t4a_frozen
SW4@26.57,SW4,restep,0.15,-3.0583724872877522,1185.9562622344529,t4a_frozen
SW4@26.57,SW4,restep,0.2,-2.991022994729611,1185.9562622344529,t4a_frozen
SW4@26.57,SW4,restep,0.3,-2.972086806271628,1185.9562622344529,t4a_frozen
SW4@26.57,SW4,restep,0.5,-2.979948993321812,1185.9562622344529,t4a_frozen
SW4@26.57,SW4,restep,0.75,-2.98837452219807,1185.9562622344529,t4a_frozen
SW4@26.57,SW4,restep,1.0,-2.901489846920198,1185.9562622344529,t4a_frozen
SW4@26.57,SW4,restep,1.5,0.7696233458315783,1185.9562622344529,t4a_frozen
SW4@26.57,SW4,restep,2.0,0.8243582160430096,1185.9562622344529,t4a_frozen
SW4@26.57,SW4,restep,3.0,0.8815860425354529,1185.9562622344529,t4a_frozen
SW4@26.57,SW4,restep,5.0,1.0004812185828174,1185.9562622344529,t4a_frozen
SW4@26.57,SW4,restep,8.0,1.0552855342956944,1185.9562622344529,t4a_frozen
SW4@26.57,SW4,restep,15.0,1.312064733597836,1185.9562622344529,t4a_frozen
SW4@27.60,SW4,restep,0.0,-0.001188144020742569,4669.255172439367,t4a_frozen
SW4@27.60,SW4,restep,0.01,0.6531071860760032,4669.255172439367,t4a_frozen
SW4@27.60,SW4,restep,0.02,0.6088591651829718,4669.255172439367,t4a_frozen
SW4@27.60,SW4,restep,0.03,0.5646111442899561,4669.255172439367,t4a_frozen
SW4@27.60,SW4,restep,0.05,0.3341605001377083,4669.255172439367,t4a_frozen
SW4@27.60,SW4,restep,0.07,0.256416513094776,4669.255172439367,t4a_frozen
SW4@27.60,SW4,restep,0.1,0.770390624572917,4669.255172439367,t4a_frozen
SW4@27.60,SW4,restep,0.15,0.7948059469431771,4669.255172439367,t4a_frozen
SW4@27.60,SW4,restep,0.2,0.8439323680086298,4669.255172439367,t4a_frozen
SW4@27.60,SW4,restep,0.3,0.909162196634626,4669.255172439367,t4a_frozen
SW4@27.60,SW4,restep,0.5,0.9331095912511373,4669.255172439367,t4a_frozen
SW4@27.60,SW4,restep,0.75,0.9464719120845855,4669.255172439367,t4a_frozen
SW4@27.60,SW4,restep,1.0,0.9466651242884999,4669.255172439367,t4a_frozen
SW4@27.60,SW4,restep,1.5,0.9545324494222465,4669.255172439367,t4a_frozen
SW4@27.60,SW4,restep,2.0,0.9694423950398798,4669.255172439367,t4a_frozen
SW4@27.60,SW4,restep,3.0,0.9871804365800346,4669.255172439367,t4a_frozen
SW4@27.60,SW4,restep,5.0,0.9992432071343663,4669.255172439367,t4a_frozen
SW4@27.60,SW4,restep,8.0,1.0038830961254122,4669.255172439367,t4a_frozen
SW4@27.60,SW4,restep,15.0,1.102440543243186,4669.255172439367,t4a_frozen
SW4@45.28,SW4,partial_unload,0.0,0.08873431831315148,3629.790568137778,t4a_frozen
SW4@45.28,SW4,partial_unload,0.01,0.5707732895421247,3629.790568137778,t4a_frozen
SW4@45.28,SW4,partial_unload,0.02,0.5730792383116408,3629.790568137778,t4a_frozen
SW4@45.28,SW4,partial_unload,0.03,0.5753851870811548,3629.790568137778,t4a_frozen
SW4@45.28,SW4,partial_unload,0.05,0.43772241702649733,3629.790568137778,t4a_frozen
SW4@45.28,SW4,partial_unload,0.07,0.5006473941364699,3629.790568137778,t4a_frozen
SW4@45.28,SW4,partial_unload,0.1,0.3307241556388539,3629.790568137778,t4a_frozen
SW4@45.28,SW4,partial_unload,0.15,0.823453633528632,3629.790568137778,t4a_frozen
SW4@45.28,SW4,partial_unload,0.2,0.9882653778706749,3629.790568137778,t4a_frozen
SW4@45.28,SW4,partial_unload,0.3,0.9933570534933032,3629.790568137778,t4a_frozen
SW4@45.28,SW4,partial_unload,0.5,1.0162527932260048,3629.790568137778,t4a_frozen
SW4@45.28,SW4,partial_unload,0.75,1.0200132583921955,3629.790568137778,t4a_frozen
SW4@45.28,SW4,partial_unload,1.0,1.0190712186684385,3629.790568137778,t4a_frozen
SW4@45.28,SW4,partial_unload,1.5,1.0270920227445972,3629.790568137778,t4a_frozen
SW4@45.28,SW4,partial_unload,2.0,1.0205254647434312,3629.790568137778,t4a_frozen
SW4@45.28,SW4,partial_unload,3.0,1.0130815930496677,3629.790568137778,t4a_frozen
SW4@45.28,SW4,partial_unload,5.0,0.9998095730575403,3629.790568137778,t4a_frozen
SW4@45.28,SW4,partial_unload,8.0,0.9963878510984489,3629.790568137778,t4a_frozen
SW4@45.28,SW4,partial_unload,15.0,1.0042082199945621,3629.790568137778,t4a_frozen
SW4@61.37,SW4,restep,0.0,0.7104627276278684,3446.8335670159468,t4a_frozen
SW4@61.37,SW4,restep,0.01,0.47463189014470974,3446.8335670159468,t4a_frozen
SW4@61.37,SW4,restep,0.02,0.48408571976348025,3446.8335670159468,t4a_frozen
SW4@61.37,SW4,restep,0.03,0.4935395493822497,3446.8335670159468,t4a_frozen
SW4@61.37,SW4,restep,0.05,0.6399471113870018,3446.8335670159468,t4a_frozen
SW4@61.37,SW4,restep,0.07,0.6796282621326692,3446.8335670159468,t4a_frozen
SW4@61.37,SW4,restep,0.1,0.730647815972464,3446.8335670159468,t4a_frozen
SW4@61.37,SW4,restep,0.15,0.7337629673099324,3446.8335670159468,t4a_frozen
SW4@61.37,SW4,restep,0.2,0.8160749760853065,3446.8335670159468,t4a_frozen
SW4@61.37,SW4,restep,0.3,0.8766950667867572,3446.8335670159468,t4a_frozen
SW4@61.37,SW4,restep,0.5,0.8177627168411343,3446.8335670159468,t4a_frozen
SW4@61.37,SW4,restep,0.75,0.8241164227392719,3446.8335670159468,t4a_frozen
SW4@61.37,SW4,restep,1.0,0.8535647281742421,3446.8335670159468,t4a_frozen
SW4@61.37,SW4,restep,1.5,0.8722015517791636,3446.8335670159468,t4a_frozen
SW4@61.37,SW4,restep,2.0,0.9469643548873734,3446.8335670159468,t4a_frozen
SW4@61.37,SW4,restep,3.0,0.9610632490684606,3446.8335670159468,t4a_frozen
SW4@61.37,SW4,restep,5.0,0.9990717361958813,3446.8335670159468,t4a_frozen
SW4@61.37,SW4,restep,8.0,-6.08764161588158,3446.8335670159468,t4a_frozen
SW4@61.37,SW4,restep,15.0,-6.066752878842172,3446.8335670159468,t4a_frozen
SW4@68.93,SW4,unload,0.0,0.4146817799788298,24363.38669015216,t4a_frozen
SW4@68.93,SW4,unload,0.01,1.0018422462136025,24363.38669015216,t4a_frozen
SW4@68.93,SW4,unload,0.02,1.0018074523197833,24363.38669015216,t4a_frozen
SW4@68.93,SW4,unload,0.03,1.001772658425964,24363.38669015216,t4a_frozen
SW4@68.93,SW4,unload,0.05,1.0032425705426222,24363.38669015216,t4a_frozen
SW4@68.93,SW4,unload,0.07,1.0032425705426222,24363.38669015216,t4a_frozen
SW4@68.93,SW4,unload,0.1,1.0024439999100345,24363.38669015216,t4a_frozen
SW4@68.93,SW4,unload,0.15,1.0032425705426222,24363.38669015216,t4a_frozen
SW4@68.93,SW4,unload,0.2,1.002678049061462,24363.38669015216,t4a_frozen
SW4@68.93,SW4,unload,0.3,1.0032425705426222,24363.38669015216,t4a_frozen
SW4@68.93,SW4,unload,0.5,1.0032425705426222,24363.38669015216,t4a_frozen
SW4@68.93,SW4,unload,0.75,1.0032425705426222,24363.38669015216,t4a_frozen
SW4@68.93,SW4,unload,1.0,1.0032425705426222,24363.38669015216,t4a_frozen
SW4@68.93,SW4,unload,1.5,1.0032425705426222,24363.38669015216,t4a_frozen
SW4@68.93,SW4,unload,2.0,1.0032425705426222,24363.38669015216,t4a_frozen
SW4@68.93,SW4,unload,3.0,1.001559717476198,24363.38669015216,t4a_frozen
SW4@68.93,SW4,unload,5.0,1.0001231355902263,24363.38669015216,t4a_frozen
SW4@68.93,SW4,unload,8.0,1.0003175191544964,24363.38669015216,t4a_frozen
SW4@68.93,SW4,unload,15.0,0.9994253672456113,24363.38669015216,t4a_frozen
SW4@88.00,SW4,onset,0.0,0.6163247257602991,27820.91827456608,t4a_frozen
SW4@88.00,SW4,onset,0.01,0.7987278859184583,27820.91827456608,t4a_frozen
SW4@88.00,SW4,onset,0.02,0.8014068333657481,27820.91827456608,t4a_frozen
SW4@88.00,SW4,onset,0.03,0.8040857808130422,27820.91827456608,t4a_frozen
SW4@88.00,SW4,onset,0.05,0.8568885866075905,27820.91827456608,t4a_frozen
SW4@88.00,SW4,onset,0.07,0.8576822155573008,27820.91827456608,t4a_frozen
SW4@88.00,SW4,onset,0.1,0.8641194419446955,27820.91827456608,t4a_frozen
SW4@88.00,SW4,onset,0.15,0.8767618330887262,27820.91827456608,t4a_frozen
SW4@88.00,SW4,onset,0.2,0.897278904691836,27820.91827456608,t4a_frozen
SW4@88.00,SW4,onset,0.3,0.9274193178184644,27820.91827456608,t4a_frozen
SW4@88.00,SW4,onset,0.5,0.9363194664020583,27820.91827456608,t4a_frozen
SW4@88.00,SW4,onset,0.75,0.9459995474423937,27820.91827456608,t4a_frozen
SW4@88.00,SW4,onset,1.0,0.9520713336662933,27820.91827456608,t4a_frozen
SW4@88.00,SW4,onset,1.5,0.9649906168923842,27820.91827456608,t4a_frozen
SW4@88.00,SW4,onset,2.0,0.9812381830856277,27820.91827456608,t4a_frozen
SW4@88.00,SW4,onset,3.0,0.9886431215788417,27820.91827456608,t4a_frozen
SW4@88.00,SW4,onset,5.0,1.0001092409798071,27820.91827456608,t4a_frozen
SW4@88.00,SW4,onset,8.0,1.0102920918213047,27820.91827456608,t4a_frozen
SW4@88.00,SW4,onset,15.0,1.055059605249491,27820.91827456608,t4a_frozen
SW4@99.36,SW4,restep,0.0,0.5327636918004507,2453.478467987552,t4a_frozen
SW4@99.36,SW4,restep,0.01,0.8380563849514564,2453.478467987552,t4a_frozen
SW4@99.36,SW4,restep,0.02,0.8050181231898255,2453.478467987552,t4a_frozen
SW4@99.36,SW4,restep,0.03,0.7719798614281516,2453.478467987552,t4a_frozen
SW4@99.36,SW4,restep,0.05,0.7724244824579217,2453.478467987552,t4a_frozen
SW4@99.36,SW4,restep,0.07,0.796524235501176,2453.478467987552,t4a_frozen
SW4@99.36,SW4,restep,0.1,0.866466562199892,2453.478467987552,t4a_frozen
SW4@99.36,SW4,restep,0.15,1.0013454525066308,2453.478467987552,t4a_frozen
SW4@99.36,SW4,restep,0.2,1.1797354315650814,2453.478467987552,t4a_frozen
SW4@99.36,SW4,restep,0.3,1.2747779677002957,2453.478467987552,t4a_frozen
SW4@99.36,SW4,restep,0.5,1.1324842173990786,2453.478467987552,t4a_frozen
SW4@99.36,SW4,restep,0.75,0.9441449337917784,2453.478467987552,t4a_frozen
SW4@99.36,SW4,restep,1.0,0.3875169791037618,2453.478467987552,t4a_frozen
SW4@99.36,SW4,restep,1.5,0.4188973208779783,2453.478467987552,t4a_frozen
SW4@99.36,SW4,restep,2.0,0.43997322646962567,2453.478467987552,t4a_frozen
SW4@99.36,SW4,restep,3.0,0.4331475947198297,2453.478467987552,t4a_frozen
SW4@99.36,SW4,restep,5.0,1.1683643320367902,2453.478467987552,t4a_frozen
SW4@99.36,SW4,restep,8.0,1.5501113235392243,2453.478467987552,t4a_frozen
SW4@99.36,SW4,restep,15.0,-11.530174473875386,2453.478467987552,t4a_frozen
SW4@104.24,SW4,restep,0.0,0.24279588189385906,2710.3779211544097,t4a_frozen
SW4@104.24,SW4,restep,0.01,0.5900549629649673,2710.3779211544097,t4a_frozen
SW4@104.24,SW4,restep,0.02,0.560085835132377,2710.3779211544097,t4a_frozen
SW4@104.24,SW4,restep,0.03,0.5301167072998283,2710.3779211544097,t4a_frozen
SW4@104.24,SW4,restep,0.05,0.6088610015848187,2710.3779211544097,t4a_frozen
SW4@104.24,SW4,restep,0.07,0.602904154148923,2710.3779211544097,t4a_frozen
SW4@104.24,SW4,restep,0.1,0.6441882807437208,2710.3779211544097,t4a_frozen
SW4@104.24,SW4,restep,0.15,0.5707110010648562,2710.3779211544097,t4a_frozen
SW4@104.24,SW4,restep,0.2,0.3996035836166135,2710.3779211544097,t4a_frozen
SW4@104.24,SW4,restep,0.3,0.8465641774617176,2710.3779211544097,t4a_frozen
SW4@104.24,SW4,restep,0.5,0.6953590056089356,2710.3779211544097,t4a_frozen
SW4@104.24,SW4,restep,0.75,0.886990480301021,2710.3779211544097,t4a_frozen
SW4@104.24,SW4,restep,1.0,0.9143737288138838,2710.3779211544097,t4a_frozen
SW4@104.24,SW4,restep,1.5,0.9494513599318181,2710.3779211544097,t4a_frozen
SW4@104.24,SW4,restep,2.0,0.9576762839537017,2710.3779211544097,t4a_frozen
SW4@104.24,SW4,restep,3.0,0.9866990584965721,2710.3779211544097,t4a_frozen
SW4@104.24,SW4,restep,5.0,1.0145640342323523,2710.3779211544097,t4a_frozen
SW4@104.24,SW4,restep,8.0,1.1276443825133295,2710.3779211544097,t4a_frozen
SW4@104.24,SW4,restep,15.0,-10.835922653750153,2710.3779211544097,t4a_frozen
SW4@113.80,SW4,unload,0.0,0.003947374866578641,32381.55099873911,t4a_frozen
SW4@113.80,SW4,unload,0.01,0.6849892115573076,32381.55099873911,t4a_frozen
SW4@113.80,SW4,unload,0.02,0.6873430896104343,32381.55099873911,t4a_frozen
SW4@113.80,SW4,unload,0.03,0.6896969676635578,32381.55099873911,t4a_frozen
SW4@113.80,SW4,unload,0.05,0.7119003756537676,32381.55099873911,t4a_frozen
SW4@113.80,SW4,unload,0.07,0.7279090332886554,32381.55099873911,t4a_frozen
SW4@113.80,SW4,unload,0.1,0.7659571629813345,32381.55099873911,t4a_frozen
SW4@113.80,SW4,unload,0.15,0.9648417061177053,32381.55099873911,t4a_frozen
SW4@113.80,SW4,unload,0.2,1.001889273093524,32381.55099873911,t4a_frozen
SW4@113.80,SW4,unload,0.3,1.0025014243450894,32381.55099873911,t4a_frozen
SW4@113.80,SW4,unload,0.5,1.0012661530635638,32381.55099873911,t4a_frozen
SW4@113.80,SW4,unload,0.75,1.0006176356407628,32381.55099873911,t4a_frozen
SW4@113.80,SW4,unload,1.0,1.0006683236852651,32381.55099873911,t4a_frozen
SW4@113.80,SW4,unload,1.5,1.0005723633950194,32381.55099873911,t4a_frozen
SW4@113.80,SW4,unload,2.0,1.0004941085126102,32381.55099873911,t4a_frozen
SW4@113.80,SW4,unload,3.0,1.0003088178203814,32381.55099873911,t4a_frozen
SW4@113.80,SW4,unload,5.0,0.9999073546538856,32381.55099873911,t4a_frozen
SW4@113.80,SW4,unload,8.0,,32381.55099873911,t4a_frozen
SW4@113.80,SW4,unload,15.0,,32381.55099873911,t4a_frozen
